17.434790170000024
16.911673859999965
16.694700610000094
16.497826990000032
16.38389970999996
16.290471420000074
16.2076910200001
16.141452510000025
16.076600810000045
16.02187840000008
15.969597019999899
15.92855020999994
15.895174540000088
15.849363999999975
15.821493939999963
15.795073790000059
15.768805450000055
15.74476107
15.716519039999982
15.634150400000046
15.578068539999943
15.567106619999986
15.555454699999956
15.565076619999981

15.389 14.9513 14.8615 14.7292 14.8961 14.7996 14.9089 14.7759 14.8343 14.8701 14.781 14.7756 14.7853 14.7734 14.7902 14.852 14.7124 14.8329 14.6862 14.9125 14.9604 15.0281 15.0747 15.22 
17.3297 16.9633 16.7073 16.50375 16.38875 16.280450000000002 16.1931 16.118250000000003 16.0508 15.98995 15.9415 15.8957 15.8596 15.80685 15.77565 15.7416 15.717 15.6845 15.655 15.58155 15.54785 15.5541 15.55345 15.5666 
61.7913 21.7477 19.0176 18.2416 18.2443 18.05 18.0904 18.0228 17.9818 17.8377 17.8478 17.6164 17.5662 17.4973 17.5757 17.6395 17.302 17.2253 17.412 17.1356 16.7726 16.6234 16.3101 16.2763 
17.43479017 16.91167386 16.69470061 16.49782699 16.38389971 16.29047142 16.20769102 16.14145251 16.07660081 16.0218784 15.96959702 15.92855021 15.89517454 15.849364 15.82149394 15.79507379 15.76880545 15.74476107 15.71651904 15.6341504 15.57806854 15.56710662 15.5554547 15.56507662 
1.696157152679854 0.5912356844644603 0.5660050628269525 0.5458061007890126 0.5261901335758618 0.518569150985304 0.5008019115866317 0.4950451184938948 0.4789126951745003 0.46379567585558 0.45336422401098314 0.4479319839620537 0.4292663604670313 0.4219084684259999 0.40192005845020334 0.3935129581282647 0.3743503741464136 0.3643395253227768 0.3528472939966615 0.2879839390604199 0.22981497970488798 0.18521326557120565 0.1447751921757901 0.11439325706133956 
