15.999487910000118
15.727782190000086
15.7829791200001
15.699857540000055
15.744064060000005
15.699399289999949
15.747632030000071
15.711808060000022
15.755165050000004
15.716196249999976
15.757839380000048
15.730755969999969
15.768556179999957
15.743010460000022
15.77955513999998
15.753120710000056
15.790077389999954
15.763225030000054
15.793351189999997
15.786114749999937
15.815807769999982
15.817004929999941
15.811879720000006
15.813385329999937

14.9587 14.7654 14.7713 14.7615 14.8022 14.8838 14.847 14.8004 14.9353 14.8341 14.9204 14.9489 14.956 15.0131 15.0065 15.0072 15.0 14.968 14.9899 15.1159 15.1637 15.1631 15.219 15.4616 
15.99165 15.709900000000001 15.7721 15.682 15.73795 15.68405 15.7432 15.69355 15.74685 15.6992 15.7494 15.7101 15.7521 15.72505 15.7646 15.7339 15.77535 15.74705 15.77875 15.7699 15.8049 15.8072 15.81 15.7998 
17.4581 17.5041 17.3109 17.227 16.8878 16.9556 16.797 17.0062 16.8501 16.9391 16.7792 16.6917 16.7671 16.9194 16.7715 16.7377 16.7801 16.8719 16.6727 16.6916 16.7323 16.6933 16.5156 16.2275 
15.99948791 15.72778219 15.78297912 15.69985754 15.74406406 15.69939929 15.74763203 15.71180806 15.75516505 15.71619625 15.75783938 15.73075597 15.76855618 15.74301046 15.77955514 15.75312071 15.79007739 15.76322503 15.79335119 15.78611475 15.81580777 15.81700493 15.81187972 15.81338533 
0.36288802579412616 0.3234389086528814 0.3011157153079629 0.3021565709602984 0.28337317349364954 0.2805979861964117 0.2770270878123966 0.27031177358104486 0.26298050620561575 0.2549434323145147 0.25743911740279973 0.2496926601780953 0.25442834396746955 0.23627317410122628 0.24556604392255288 0.23318756556937062 0.24218240858016601 0.2247733751971502 0.23585763377284355 0.20989791601860272 0.21476648021683825 0.17896172721192588 0.163108394442332 0.1092461834786532 
