0 23577 23717 7 44 6 31 38 
1 23572 23709 21 1 16 6 44 
2 23566 23659 43 14 44 42 1 
3 23569 23707 9 38 1 44 43 
4 23578 23733 35 29 2 6 46 
5 23562 23803 24 18 2 31 43 
6 23558 23769 44 23 39 4 1 
7 23581 23738 29 5 44 39 42 
8 23586 23791 21 35 2 15 43 
9 23581 23696 23 42 19 6 44 
10 23596 23861 44 6 39 21 1 
11 23557 23659 29 15 9 44 6 
12 23597 23765 1 13 47 44 2 
13 23548 23700 44 6 35 16 42 
14 23577 23714 5 44 31 0 18 
15 23582 23740 6 47 15 13 44 
16 23605 23726 29 2 5 33 44 
17 23581 23769 48 13 44 26 2 
18 23578 23706 44 15 26 23 8 
19 23583 23749 2 7 5 38 42 
20 23582 23755 35 44 29 42 8 
21 23584 23796 29 24 2 35 13 
22 23549 23689 37 1 43 44 29 
23 23572 23753 6 26 23 15 44 
24 23570 23750 42 35 44 36 21 
25 23535 23638 23 6 44 43 42 
26 23578 23756 44 41 35 36 42 
27 23554 23727 29 5 31 44 1 
28 23567 23776 44 6 18 34 1 
29 23558 23698 1 44 29 3 26 
