0 12.7928 4 14 35 22 29 32 1 13 49 6 37 30 33 47 17 27 46 34 9 
1 12.9151 5 46 33 30 15 44 36 35 45 17 43 32 18 7 6 38 13 3 22 
2 12.9057 22 7 13 46 29 12 20 49 11 9 32 19 27 17 40 14 25 31 33 
3 12.8212 21 8 4 41 31 13 23 30 29 25 5 32 17 20 45 15 7 48 38 
4 12.789 6 32 47 19 49 21 38 4 11 17 7 1 46 22 36 5 33 37 27 
5 12.8569 47 33 27 41 45 49 14 15 31 28 16 43 1 6 35 38 29 21 32 
6 12.835 28 49 6 32 17 8 15 34 46 20 38 22 0 39 40 33 41 14 1 
7 12.7473 32 17 49 5 38 22 44 35 33 46 6 29 28 9 30 19 41 24 8 
8 12.8283 5 6 41 28 29 11 0 38 42 12 1 33 26 25 21 35 36 17 43 
9 12.868 23 29 37 3 42 34 32 9 15 47 18 36 22 12 39 27 38 28 8 
10 12.6142 11 38 44 24 6 13 29 10 5 20 19 37 31 3 47 21 22 7 49 
11 12.7543 22 33 35 12 47 13 21 17 11 5 31 14 38 27 15 1 49 26 6 
12 12.8255 35 24 43 47 30 7 3 36 15 26 14 1 11 46 8 22 33 25 32 
13 12.8775 2 43 42 29 45 33 11 47 6 19 32 15 10 28 39 8 48 14 22 
14 12.8042 7 22 21 19 13 28 20 32 15 46 30 37 29 31 36 5 27 14 16 
15 12.8282 28 5 40 45 35 33 25 0 31 47 15 48 27 30 8 17 38 41 29 
16 12.8226 25 11 14 45 17 9 23 33 46 13 22 34 27 41 8 40 30 12 1 
17 12.9166 28 30 24 46 32 27 21 10 19 13 37 2 20 29 1 49 31 45 17 
18 12.7607 24 25 33 6 46 28 16 20 23 37 8 13 17 19 15 35 30 29 22 
19 12.8321 15 28 41 3 23 30 29 22 17 35 5 47 45 0 33 36 16 32 12 
20 12.8541 6 26 20 5 17 16 27 45 46 38 19 22 13 21 49 31 40 42 32 
21 12.9562 46 34 11 27 13 3 4 30 32 22 35 49 2 21 42 5 17 39 33 
22 12.8954 2 35 41 47 31 43 49 38 17 22 26 5 7 27 33 30 46 12 29 
23 12.7764 41 14 42 1 24 27 44 37 7 36 8 22 17 47 43 34 46 3 15 
24 12.8994 1 28 33 11 13 34 17 29 18 23 12 45 21 14 24 30 36 40 41 
25 12.8447 19 31 45 26 5 2 1 38 30 22 15 32 0 21 8 3 33 9 20 
26 12.7492 4 17 46 29 49 25 11 2 1 35 41 21 14 28 33 45 34 13 32 
27 12.901 33 34 21 10 15 5 16 27 13 42 48 38 6 46 8 3 39 19 7 
28 12.8323 16 38 33 17 4 34 45 46 49 15 3 43 2 21 29 18 19 11 36 
29 12.8139 15 11 33 1 41 13 42 22 24 49 27 21 20 10 19 23 32 6 30 
