0 12.881 7 18 5 27 19 15 1 28 
1 12.8837 1 17 5 27 2 13 8 22 
2 12.9164 18 22 15 20 13 5 8 19 
3 12.7729 16 6 20 11 13 23 9 1 
4 12.7825 15 17 5 13 6 11 16 27 
5 12.9159 13 25 23 20 17 2 7 19 
6 12.842 13 6 1 26 18 17 20 28 
7 12.7869 2 11 19 17 23 8 20 13 
8 12.7754 19 15 17 2 24 26 5 20 
9 12.8275 14 27 7 15 28 6 22 20 
10 12.8647 6 13 28 8 23 24 1 19 
11 12.8349 1 19 10 27 29 6 12 28 
12 12.7944 12 13 15 26 17 21 27 19 
13 12.8613 16 27 19 9 10 20 28 29 
14 12.8169 15 26 1 6 7 22 21 5 
15 12.8651 26 20 28 13 17 18 6 23 
16 12.8234 26 27 8 23 20 5 6 22 
17 12.8405 6 27 26 15 19 18 0 8 
18 12.9029 17 8 22 18 20 21 6 26 
19 12.8207 0 5 17 14 21 6 13 15 
20 12.8604 6 28 17 7 0 8 1 19 
21 12.8257 28 4 22 29 8 0 20 7 
22 12.8673 22 25 11 23 6 15 13 26 
23 12.8047 5 17 27 11 28 4 23 1 
24 12.8091 13 8 1 11 4 22 17 27 
25 12.7873 22 7 2 28 13 15 8 6 
26 12.9192 21 24 6 5 0 15 7 11 
27 12.822 6 18 23 27 24 19 13 28 
28 12.8279 17 7 2 14 6 20 13 19 
29 12.8749 8 27 14 13 28 2 19 18 
