0 12.6867 17 18 11 13 
1 12.7397 6 13 15 22 
2 12.6957 22 21 6 7 
3 12.7397 15 22 6 13 
4 12.7451 11 9 29 6 
5 12.8325 22 3 15 8 
6 12.7504 15 28 21 6 
7 12.8376 7 13 15 22 
8 12.7805 13 1 18 11 
9 12.7397 6 15 13 22 
10 12.8279 15 27 20 19 
11 12.7995 15 17 13 29 
12 12.7722 8 15 6 22 
13 12.7171 7 23 15 29 
14 12.816 13 16 9 11 
15 12.7995 19 7 28 11 
16 12.8432 17 11 26 6 
17 12.7171 23 15 29 7 
18 12.744 21 13 17 22 
19 12.7722 15 22 6 8 
20 12.8265 2 5 19 18 
21 12.7995 13 15 29 17 
22 12.7722 17 13 11 16 
23 12.7934 17 7 8 10 
24 12.7667 2 17 8 18 
25 12.8832 19 27 3 8 
26 12.7456 23 15 8 29 
27 12.6878 8 19 15 29 
28 12.731 7 17 8 0 
29 12.6867 13 11 18 17 
