0 12.5635 6 22 8 
1 12.6928 15 5 27 
2 12.7079 8 5 19 
3 12.752 15 5 4 
4 12.6928 27 15 5 
5 12.5635 22 6 8 
6 12.6451 5 15 19 
7 12.5635 22 8 6 
8 12.7427 8 15 27 
9 12.5635 8 22 6 
10 12.6451 19 5 15 
11 12.6928 15 27 5 
12 12.7079 5 8 19 
13 12.7079 5 8 19 
14 12.7512 6 11 4 
15 12.6928 5 27 15 
16 12.5635 22 8 6 
17 12.5635 8 22 6 
18 12.6451 19 5 15 
19 12.5635 22 6 8 
20 12.7506 6 11 19 
21 12.6977 15 1 27 
22 12.76 15 5 2 
23 12.7427 8 15 27 
24 12.7563 23 11 6 
25 12.5635 8 22 6 
26 12.6451 19 5 15 
27 12.7632 15 27 20 
28 12.5635 22 8 6 
29 12.6451 15 19 5 
