0 23629 23774 29 35 20 33 23 39 37 18 49 45 3 31 5 30 1 17 9 2 44 15 
1 23633 23821 48 44 19 36 37 39 26 3 4 2 32 33 47 18 1 15 40 0 30 8 
2 23625 23773 30 42 18 7 37 48 13 23 45 2 28 6 47 1 39 44 36 32 15 17 
3 23582 23809 20 30 45 41 42 46 6 44 33 7 40 2 37 15 5 17 11 35 48 16 
4 23622 23803 11 2 12 5 43 31 46 1 28 16 32 13 20 6 8 0 26 42 36 14 
5 23643 23753 44 26 47 2 3 8 42 23 17 33 24 32 45 31 43 1 30 6 14 35 
6 23625 23802 28 36 27 35 42 44 40 2 23 41 39 24 13 33 1 18 14 17 30 16 
7 23621 23788 26 47 25 1 11 31 44 13 48 6 40 29 16 24 33 45 42 18 32 0 
8 23639 23884 19 42 32 30 21 33 31 0 49 2 38 15 6 9 18 37 36 1 40 27 
9 23611 23796 42 33 17 29 9 22 38 49 39 23 40 1 16 18 45 0 47 35 13 5 
10 23630 23830 5 38 44 37 1 33 32 42 20 36 21 12 15 31 22 26 18 11 3 6 
11 23604 23795 39 18 37 19 30 2 26 44 35 40 42 31 12 23 1 41 20 15 48 36 
12 23605 23802 20 31 34 13 28 30 35 10 32 0 39 26 17 1 38 41 47 6 42 11 
13 23625 23788 1 21 45 22 41 4 9 24 18 49 31 14 47 44 13 2 15 42 35 40 
14 23619 23772 18 40 13 42 44 30 7 15 0 1 4 21 43 39 6 41 35 3 16 49 
15 23631 23769 24 48 10 34 23 1 44 6 29 40 31 46 0 43 14 17 25 37 15 28 
16 23612 23798 43 20 7 6 13 41 44 2 26 45 23 5 16 47 35 12 3 42 17 9 
17 23611 23772 20 11 18 30 23 1 43 35 44 42 13 29 31 15 2 41 33 48 10 34 
18 23605 23774 13 41 20 5 1 35 7 2 18 12 30 19 42 38 44 45 29 40 3 31 
19 23622 23797 21 26 12 48 44 39 20 37 8 35 18 45 49 36 15 24 1 13 42 31 
20 23629 23793 33 4 2 35 30 1 24 28 31 48 45 20 23 32 40 26 25 17 7 44 
21 23603 23715 21 18 15 44 33 37 47 36 17 48 29 14 34 43 1 35 28 30 2 31 
22 23619 23768 4 35 1 40 13 44 18 2 32 42 30 41 16 12 43 19 5 31 33 0 
23 23619 23808 30 4 20 45 44 37 47 11 14 38 48 35 7 24 46 15 13 39 1 2 
24 23596 23771 36 34 33 13 44 8 42 5 15 35 3 37 22 14 1 11 6 30 29 2 
25 23636 23786 15 19 9 0 48 24 46 6 20 21 7 31 2 38 39 1 27 13 35 17 
26 23625 23781 41 31 37 1 43 44 42 21 40 34 0 47 4 33 5 15 3 17 29 6 
27 23604 23785 42 44 35 5 26 4 1 6 32 29 30 18 2 9 13 24 15 0 48 28 
28 23626 23806 7 35 27 23 13 9 42 5 20 0 21 15 1 40 43 30 2 38 49 39 
29 23640 23824 38 27 10 21 47 13 29 12 46 37 1 8 45 25 0 43 15 39 5 23 
