0 23604 23763 43 14 2 15 6 20 38 44 1 8 
1 23586 23763 39 35 42 30 24 49 13 44 23 5 
2 23596 23776 48 44 1 18 42 35 30 14 25 2 
3 23578 23778 33 1 6 4 41 9 0 13 44 29 
4 23588 23832 28 37 11 44 5 1 17 4 35 6 
5 23618 23772 48 15 0 30 18 14 29 24 46 1 
6 23606 23771 44 32 1 6 28 13 47 29 35 41 
7 23628 23737 6 42 36 41 33 9 30 46 35 31 
8 23585 23761 44 41 2 29 31 47 36 13 24 6 
9 23626 23853 49 44 31 32 33 47 24 48 8 35 
10 23599 23775 44 27 0 31 6 5 1 13 29 38 
11 23612 23777 6 30 17 44 9 37 36 13 41 3 
12 23590 23805 41 38 13 26 44 6 4 31 35 49 
13 23613 23707 35 32 29 42 17 0 10 1 44 15 
14 23622 23757 42 44 49 1 45 8 26 9 4 43 
15 23603 23776 24 41 33 42 1 26 15 9 23 29 
16 23582 23781 21 1 41 44 35 45 15 33 2 47 
17 23629 23746 13 36 5 37 23 42 2 15 6 14 
18 23629 23706 9 34 30 44 0 31 26 42 25 29 
19 23590 23799 42 39 35 23 17 4 13 2 41 21 
20 23578 23770 42 4 6 27 39 44 35 33 2 5 
21 23624 23806 47 1 44 3 31 14 16 42 5 30 
22 23611 23785 42 7 30 6 17 8 5 4 23 13 
23 23603 23814 21 29 1 26 42 33 5 12 8 17 
24 23620 23743 30 44 2 34 38 29 35 26 42 20 
25 23593 23769 24 30 43 6 13 17 44 15 46 2 
26 23614 23864 13 40 30 23 41 42 29 47 9 49 
27 23610 23822 5 6 41 45 8 13 26 35 17 1 
28 23615 23727 0 1 20 29 28 44 8 5 26 18 
29 23621 23795 26 6 35 48 44 11 43 24 2 20 
