61 7
 0  0  0  0  2.82118  0.804682  2.31661e-304 
 0.65079  0.374761  0  0  3.12892  0.842974  0 
 0.737041  0.589905  0  0  2.60119  0.658774  0 
 0  0  0  0  3.00805  0.873928  0 
 0.162144  0.116541  0  0  2.657  0.84058  0 
 0  0  0  0  3.30216  0.714389  0 
 0.0463517  0.0704545  0  0  2.47105  0.689474  0 
 0  0  0  0  1.91827  0.555288  0 
 0.0042215  0.00724638  0  0  2.85846  0.670599  0 
 0.255608  0.18147  0  0  3.55882  0.75  0 
 0.370659  0.204858  0  0  4.25956  0.625724  0 
 0  0  0  0  3.27685  0.625189  0 
 0.0189636  0.0445975  0  0  3.80994  0.639039  0 
 0.787432  0.361638  0  0  3.36424  0.633089  0 
 0  0  0  0  4.10837  0.688897  0 
 0  0  0  0  6.47939  0.616284  0 
 0.000699303  0.000842105  0  0  5.46062  0.652474  0 
 0.168406  0.114927  0  0  6.58648  0.578331  0 
 0.694634  0.329947  0  0  4.89926  0.618548  0 
 0  0  0  0  6.66312  0.688077  0 
 0.212096  0.222591  0  0  3.02343  0.910906  0 
 0.0322857  0.127424  0  0  1.71026  0.665103  0 
 1.86016  0.704142  0  0  2.80239  0.862275  0 
 0.1597  0.0930599  0  0  1.91631  0.85805  0 
 1.47382  0.625817  0  0  1.98079  0.796506  0 
 0.113218  0.0219619  0  0  2.22992  0.824829  0 
 0.977539  0.450725  0  0  2.75253  0.713618  0 
 0.0258827  0.0181388  0  0  2.38686  0.607092  0 
 0.0913783  0.147473  0  0  3.11663  0.68098  0 
 0.506348  0.160858  0  0  2.76853  0.561997  0 
 0  0  0  0  1.63898  0.574641  0 
 0  0  0  0  3.29541  0.570222  0 
 0  0  0  0  2.96149  0.499869  0 
 0.245396  0.121884  0  0  2.78677  0.541233  0 
 0  0  0  0  2.4254  0.596765  0 
 0  0  0  0  2.42877  0.493602  0 
 0.206526  0.127796  0  0  2.64911  0.56379  0 
 0.153332  0.110201  0  0  3.40452  0.569237  0 
 0  0  0  0  2.92584  0.520228  0 
 1.07258  0.397166  0  0  3.27653  0.560994  0 
 1.23309  0.46743  0  0  2.86204  0.648431  0 
 0.108747  0.105177  0  0  2.47613  0.783979  0 
 0  0  0  0  1.90402  0.620315  0 
 0  0  0  0  2.59639  0.789865  0 
 0  0  0  0  1.64157  0.541876  0 
 0  0  0  0  2.78105  0.562931  0 
 0  0  0  0  2.37026  0.557707  0 
 0  0  0  0  2.21846  0.677638  0 
 1.23031  0.398693  0  0  2.50419  0.700259  0 
 0.0966707  0.101073  0  0  2.33768  0.592427  0 
 0  0  0  0  2.18228  0.531137  0 
 0  0  0  0  2.13766  0.715189  0 
 0  0  0  0  2.60539  0.590871  0 
 0  0  0  0  2.46274  0.625648  0 
 0  0  0  0  2.32766  0.548402  0 
 0  0  0  0  2.57512  0.525175  0 
 0  0  0  0  2.98144  0.534876  0 
 0.0680117  0.0483932  0  0  2.62308  0.546805  0 
 0  0  0  0  2.44356  0.528599  0 
 0  0  0  0  2.78024  0.561964  0 
 13.764  6.84719  0  0  178.524  38.9224  0 

-- infix:  (((((pmin/w)-(pavg/pmin))-((pmin+pt)-(pmin-MR)))-pos(((pt/pmin)/pmin)))+((dd+((pavg+pavg)/SL))-(((SL*pmin)/(SL*MR))-((SL+pmin)/(pt/pmin))))) --
Editirano: 9, ukupno: 366
