.\0.7\train\R021608_0008_001.txt 2 16 8 173 173
 1 1 7 69 69 10 10 154 154 173 173 35 35 151 151 167 167
 1 2 7 26 26 37 37 158 158 1 1 98 98 56 56 139 139
 1 3 5 21 21 106 106 111 111 38 38 100 100
 1 4 8 89 89 88 88 2 2 4 4 48 48 102 102 113 113 11 11
 1 5 6 153 153 114 114 51 51 136 136 25 25 86 86
 1 6 7 172 172 95 95 122 122 123 123 161 161 141 141 146 146
 1 7 2 118 118 129 129
 1 8 4 75 75 91 91 85 85 109 109
 1 9 5 15 15 18 18 41 41 142 142 133 133
 1 10 7 3 3 23 23 54 54 131 131 134 134 92 92 7 7
 1 11 4 17 17 165 165 157 157 8 8
 1 12 7 22 22 52 52 5 5 104 104 116 116 44 44 34 34
 1 13 3 166 166 45 45 87 87
 1 14 5 19 19 47 47 13 13 171 171 71 71
 1 15 6 68 68 42 42 145 145 130 130 96 96 155 155
 1 16 4 156 156 53 53 170 170 65 65
 2 1 8 99 99 29 29 61 61 103 103 135 135 93 93 148 148 9 9
 2 2 6 108 108 132 132 144 144 59 59 147 147 64 64
 2 3 5 20 20 120 120 76 76 30 30 49 49
 2 4 2 36 36 124 124
 2 5 8 94 94 77 77 97 97 83 83 140 140 78 78 127 127 74 74
 2 6 3 150 150 112 112 169 169
 2 7 8 46 46 159 159 57 57 117 117 119 119 66 66 50 50 14 14
 2 8 3 137 137 43 43 149 149
 2 9 6 82 82 90 90 128 128 72 72 79 79 28 28
 2 10 2 6 6 16 16
 2 11 8 67 67 126 126 70 70 27 27 40 40 60 60 24 24 63 63
 2 12 8 33 33 31 31 121 121 73 73 162 162 143 143 58 58 39 39
 2 13 8 105 105 152 152 138 138 55 55 62 62 80 80 12 12 125 125
 2 14 5 32 32 101 101 110 110 115 115 107 107
 2 15 0
 2 16 6 81 81 160 160 163 163 164 164 168 168 84 84
