.\0.7\train\R041606_0006_003.txt 4 16 6 264 264
 1 1 6 47 47 16 16 37 37 64 64 53 53 226 226
 1 2 4 26 26 94 94 239 239 56 56
 1 3 4 74 74 192 192 105 105 33 33
 1 4 3 179 179 214 214 50 50
 1 5 6 130 130 118 118 124 124 190 190 113 113 48 48
 1 6 2 145 145 60 60
 1 7 5 57 57 68 68 178 178 87 87 134 134
 1 8 3 39 39 248 248 97 97
 1 9 4 15 15 84 84 140 140 139 139
 1 10 5 129 129 91 91 121 121 78 78 76 76
 1 11 6 159 159 247 247 164 164 136 136 61 61 204 204
 1 12 6 30 30 32 32 111 111 245 245 85 85 106 106
 1 13 4 217 217 187 187 202 202 102 102
 1 14 3 165 165 55 55 8 8
 1 15 2 243 243 253 253
 1 16 4 89 89 115 115 20 20 3 3
 2 1 6 170 170 255 255 156 156 232 232 215 215 127 127
 2 2 3 7 7 181 181 63 63
 2 3 4 263 263 18 18 133 133 220 220
 2 4 4 162 162 23 23 11 11 10 10
 2 5 1 252 252
 2 6 6 153 153 183 183 238 238 62 62 34 34 122 122
 2 7 6 92 92 259 259 176 176 88 88 1 1 150 150
 2 8 3 4 4 107 107 219 219
 2 9 6 242 242 258 258 9 9 117 117 205 205 81 81
 2 10 1 210 210
 2 11 4 207 207 250 250 167 167 260 260
 2 12 6 225 225 24 24 174 174 249 249 29 29 51 51
 2 13 5 19 19 158 158 144 144 211 211 188 188
 2 14 3 58 58 116 116 233 233
 2 15 4 199 199 112 112 196 196 44 44
 2 16 6 67 67 141 141 246 246 120 120 177 177 218 218
 3 1 4 161 161 77 77 172 172 70 70
 3 2 4 166 166 200 200 254 254 69 69
 3 3 4 54 54 213 213 228 228 237 237
 3 4 2 147 147 251 251
 3 5 6 21 21 261 261 5 5 137 137 138 138 193 193
 3 6 3 157 157 257 257 143 143
 3 7 6 82 82 262 262 45 45 126 126 52 52 221 221
 3 8 4 169 169 125 125 185 185 86 86
 3 9 5 95 95 41 41 119 119 59 59 198 198
 3 10 3 103 103 155 155 96 96
 3 11 6 110 110 2 2 14 14 90 90 142 142 194 194
 3 12 6 80 80 231 231 132 132 27 27 191 191 101 101
 3 13 3 201 201 222 222 189 189
 3 14 5 128 128 42 42 75 75 72 72 49 49
 3 15 2 151 151 227 227
 3 16 5 131 131 197 197 241 241 31 31 168 168
 4 1 5 36 36 13 13 71 71 28 28 209 209
 4 2 5 35 35 43 43 79 79 149 149 114 114
 4 3 1 154 154
 4 4 6 256 256 38 38 235 235 104 104 152 152 230 230
 4 5 6 184 184 173 173 236 236 264 264 148 148 160 160
 4 6 4 22 22 186 186 171 171 66 66
 4 7 6 12 12 163 163 212 212 83 83 244 244 206 206
 4 8 4 180 180 123 123 40 40 6 6
 4 9 5 203 203 65 65 73 73 208 208 216 216
 4 10 2 240 240 175 175
 4 11 3 100 100 182 182 135 135
 4 12 1 108 108
 4 13 6 195 195 93 93 229 229 46 46 223 223 109 109
 4 14 1 25 25
 4 15 4 98 98 17 17 224 224 146 146
 4 16 2 234 234 99 99
