.\0.7\train\R061608_0008_002.txt 6 16 8 532 532
 1 1 8 57 57 441 441 357 357 347 347 356 356 189 189 221 221 514 514
 1 2 7 467 467 375 375 326 326 437 437 109 109 286 286 330 330
 1 3 5 301 301 416 416 406 406 462 462 432 432
 1 4 4 487 487 473 473 438 438 282 282
 1 5 6 23 23 217 217 30 30 393 393 358 358 166 166
 1 6 7 215 215 266 266 31 31 256 256 90 90 420 420 99 99
 1 7 5 379 379 229 229 329 329 211 211 243 243
 1 8 7 88 88 67 67 251 251 15 15 268 268 226 226 193 193
 1 9 7 410 410 309 309 373 373 169 169 187 187 97 97 281 281
 1 10 7 482 482 478 478 162 162 104 104 225 225 409 409 73 73
 1 11 4 267 267 122 122 235 235 121 121
 1 12 8 27 27 376 376 64 64 422 422 220 220 491 491 338 338 170 170
 1 13 5 291 291 54 54 101 101 452 452 460 460
 1 14 7 526 526 499 499 328 328 361 361 321 321 394 394 319 319
 1 15 4 444 444 248 248 173 173 137 137
 1 16 8 135 135 435 435 46 46 439 439 167 167 314 314 227 227 65 65
 2 1 4 22 22 387 387 138 138 415 415
 2 2 4 144 144 293 293 443 443 11 11
 2 3 6 296 296 98 98 69 69 427 427 292 292 459 459
 2 4 7 151 151 213 213 442 442 265 265 263 263 257 257 127 127
 2 5 4 496 496 474 474 208 208 13 13
 2 6 7 458 458 72 72 426 426 75 75 76 76 392 392 203 203
 2 7 2 284 284 255 255
 2 8 4 260 260 17 17 349 349 378 378
 2 9 3 6 6 83 83 195 195
 2 10 4 449 449 105 105 155 155 3 3
 2 11 8 320 320 160 160 182 182 79 79 521 521 246 246 171 171 494 494
 2 12 4 240 240 404 404 179 179 250 250
 2 13 5 434 434 200 200 463 463 453 453 204 204
 2 14 8 94 94 194 194 512 512 141 141 493 493 294 294 414 414 29 29
 2 15 3 456 456 345 345 78 78
 2 16 8 412 412 466 466 477 477 41 41 258 258 63 63 185 185 504 504
 3 1 7 77 77 411 411 300 300 380 380 476 476 391 391 259 259
 3 2 4 68 68 174 174 214 214 245 245
 3 3 4 239 239 1 1 507 507 124 124
 3 4 7 159 159 2 2 43 43 401 401 234 234 408 408 125 125
 3 5 6 53 53 445 445 152 152 85 85 303 303 287 287
 3 6 5 158 158 190 190 128 128 177 177 484 484
 3 7 8 318 318 81 81 348 348 186 186 84 84 153 153 55 55 95 95
 3 8 1 130 130
 3 9 5 146 146 366 366 368 368 336 336 396 396
 3 10 6 9 9 154 154 219 219 457 457 279 279 199 199
 3 11 8 511 511 520 520 486 486 311 311 4 4 274 274 369 369 70 70
 3 12 7 428 428 232 232 66 66 33 33 249 249 62 62 184 184
 3 13 5 424 424 222 222 272 272 201 201 454 454
 3 14 8 25 25 388 388 100 100 168 168 418 418 16 16 475 475 139 139
 3 15 6 505 505 236 236 464 464 513 513 355 355 131 131
 3 16 5 322 322 304 304 483 483 136 136 481 481
 4 1 6 261 261 471 471 419 419 180 180 196 196 306 306
 4 2 6 197 197 175 175 398 398 183 183 470 470 113 113
 4 3 8 140 140 490 490 35 35 312 312 423 423 446 446 283 283 116 116
 4 4 5 50 50 37 37 165 165 528 528 516 516
 4 5 4 377 377 332 332 305 305 224 224
 4 6 5 341 341 353 353 44 44 269 269 26 26
 4 7 8 385 385 271 271 351 351 342 342 49 49 485 485 148 148 86 86
 4 8 4 334 334 60 60 397 397 216 216
 4 9 2 325 325 119 119
 4 10 8 231 231 244 244 82 82 384 384 335 335 278 278 254 254 210 210
 4 11 7 202 202 7 7 515 515 517 517 212 212 47 47 252 252
 4 12 6 429 429 489 489 417 417 58 58 529 529 96 96
 4 13 5 102 102 359 359 425 425 297 297 51 51
 4 14 4 277 277 264 264 518 518 192 192
 4 15 3 405 405 126 126 288 288
 4 16 5 145 145 495 495 117 117 92 92 403 403
 5 1 6 273 273 448 448 430 430 161 161 59 59 108 108
 5 2 5 133 133 431 431 242 242 118 118 5 5
 5 3 6 340 340 38 38 530 530 308 308 389 389 198 198
 5 4 8 479 479 413 413 390 390 508 508 522 522 34 34 310 310 156 156
 5 5 8 230 230 149 149 21 21 142 142 346 346 157 157 509 509 241 241
 5 6 8 523 523 354 354 71 71 74 74 525 525 238 238 399 399 93 93
 5 7 2 262 262 103 103
 5 8 6 56 56 178 178 524 524 395 395 343 343 461 461
 5 9 3 19 19 290 290 42 42
 5 10 8 275 275 111 111 36 36 24 24 115 115 480 480 324 324 205 205
 5 11 4 39 39 371 371 206 206 28 28
 5 12 6 228 228 381 381 333 333 207 207 237 237 87 87
 5 13 5 307 307 502 502 247 247 181 181 120 120
 5 14 6 455 455 163 163 527 527 469 469 12 12 48 48
 5 15 3 331 331 270 270 276 276
 5 16 4 61 61 468 468 233 233 313 313
 6 1 6 360 360 498 498 386 386 176 176 488 488 317 317
 6 2 8 400 400 337 337 363 363 172 172 531 531 316 316 362 362 107 107
 6 3 3 280 280 503 503 10 10
 6 4 5 497 497 18 18 223 223 302 302 465 465
 6 5 7 492 492 209 209 123 123 315 315 89 89 143 143 500 500
 6 6 3 298 298 218 218 407 407
 6 7 4 510 510 447 447 374 374 20 20
 6 8 8 364 364 450 450 112 112 440 440 436 436 299 299 506 506 106 106
 6 9 6 285 285 350 350 134 134 52 52 344 344 472 472
 6 10 6 367 367 129 129 382 382 14 14 32 32 383 383
 6 11 5 327 327 365 365 339 339 80 80 402 402
 6 12 8 532 532 40 40 433 433 372 372 110 110 421 421 370 370 352 352
 6 13 4 501 501 451 451 191 191 132 132
 6 14 4 91 91 519 519 147 147 253 253
 6 15 7 8 8 150 150 188 188 289 289 323 323 164 164 295 295
 6 16 2 45 45 114 114
