.\0.7\train\R081606_0006_001.txt 8 16 6 533 533
 1 1 5 93 93 398 398 280 280 384 384 346 346
 1 2 6 443 443 279 279 61 61 247 247 85 85 181 181
 1 3 6 390 390 509 509 180 180 466 466 360 360 239 239
 1 4 3 479 479 377 377 90 90
 1 5 4 236 236 458 458 448 448 62 62
 1 6 4 245 245 120 120 207 207 141 141
 1 7 3 421 421 490 490 21 21
 1 8 2 277 277 221 221
 1 9 6 388 388 285 285 226 226 438 438 417 417 15 15
 1 10 2 370 370 190 190
 1 11 6 210 210 84 84 403 403 205 205 374 374 524 524
 1 12 6 222 222 109 109 138 138 533 533 8 8 320 320
 1 13 3 311 311 95 95 419 419
 1 14 3 48 48 425 425 525 525
 1 15 5 528 528 19 19 4 4 257 257 244 244
 1 16 5 129 129 521 521 310 310 28 28 411 411
 2 1 6 344 344 152 152 155 155 329 329 532 532 172 172
 2 2 3 480 480 123 123 529 529
 2 3 5 352 352 471 471 193 193 303 303 275 275
 2 4 3 454 454 286 286 331 331
 2 5 6 7 7 67 67 348 348 472 472 380 380 396 396
 2 6 5 486 486 395 395 79 79 263 263 39 39
 2 7 4 379 379 323 323 143 143 474 474
 2 8 5 146 146 32 32 420 420 242 242 17 17
 2 9 4 345 345 530 530 414 414 150 150
 2 10 2 114 114 515 515
 2 11 6 76 76 300 300 434 434 55 55 522 522 450 450
 2 12 0
 2 13 5 426 426 42 42 306 306 266 266 169 169
 2 14 6 214 214 159 159 291 291 184 184 281 281 505 505
 2 15 5 149 149 64 64 402 402 156 156 422 422
 2 16 2 418 418 325 325
 3 1 4 253 253 289 289 83 83 446 446
 3 2 5 373 373 72 72 14 14 40 40 202 202
 3 3 4 318 318 176 176 204 204 261 261
 3 4 3 179 179 292 292 174 174
 3 5 5 13 13 429 429 440 440 57 57 200 200
 3 6 3 461 461 520 520 51 51
 3 7 2 191 191 381 381
 3 8 4 53 53 35 35 406 406 415 415
 3 9 6 282 282 74 74 260 260 276 276 59 59 132 132
 3 10 6 299 299 456 456 301 301 416 416 488 488 465 465
 3 11 3 342 342 382 382 206 206
 3 12 6 73 73 309 309 288 288 491 491 215 215 178 178
 3 13 6 412 412 177 177 449 449 136 136 317 317 220 220
 3 14 5 198 198 453 453 255 255 96 96 265 265
 3 15 1 122 122
 3 16 6 492 492 157 157 37 37 385 385 493 493 359 359
 4 1 5 457 457 41 41 105 105 33 33 130 130
 4 2 6 197 197 103 103 498 498 476 476 107 107 514 514
 4 3 2 441 441 45 45
 4 4 4 10 10 142 142 98 98 517 517
 4 5 5 324 324 336 336 91 91 81 81 487 487
 4 6 3 437 437 87 87 118 118
 4 7 4 232 232 315 315 154 154 365 365
 4 8 3 368 368 349 349 494 494
 4 9 6 115 115 25 25 435 435 389 389 361 361 158 158
 4 10 4 183 183 131 131 293 293 50 50
 4 11 6 77 77 9 9 338 338 27 27 153 153 170 170
 4 12 2 22 22 192 192
 4 13 4 16 16 101 101 314 314 70 70
 4 14 1 110 110
 4 15 1 11 11
 4 16 6 38 38 250 250 319 319 353 353 391 391 162 162
 5 1 4 518 518 512 512 271 271 100 100
 5 2 4 482 482 195 195 140 140 189 189
 5 3 5 80 80 56 56 209 209 126 126 274 274
 5 4 2 326 326 407 407
 5 5 3 350 350 423 423 166 166
 5 6 5 431 431 1 1 463 463 89 89 347 347
 5 7 2 71 71 228 228
 5 8 6 433 433 201 201 252 252 113 113 481 481 144 144
 5 9 6 185 185 268 268 3 3 18 18 44 44 230 230
 5 10 3 378 378 375 375 99 99
 5 11 6 290 290 251 251 436 436 500 500 6 6 97 97
 5 12 6 473 473 462 462 78 78 432 432 188 188 127 127
 5 13 3 161 161 182 182 186 186
 5 14 6 308 308 400 400 510 510 409 409 216 216 297 297
 5 15 4 94 94 135 135 523 523 283 283
 5 16 5 29 29 316 316 86 86 506 506 519 519
 6 1 3 447 447 92 92 333 333
 6 2 6 47 47 273 273 68 68 2 2 468 468 332 332
 6 3 5 36 36 116 116 246 246 199 199 351 351
 6 4 6 49 49 354 354 392 392 173 173 125 125 254 254
 6 5 2 341 341 475 475
 6 6 5 165 165 410 410 371 371 439 439 469 469
 6 7 3 69 69 224 224 502 502
 6 8 1 187 187
 6 9 3 60 60 503 503 335 335
 6 10 6 259 259 168 168 26 26 298 298 112 112 337 337
 6 11 6 363 363 459 459 355 355 404 404 133 133 106 106
 6 12 1 504 504
 6 13 6 272 272 516 516 218 218 164 164 343 343 46 46
 6 14 5 23 23 128 128 241 241 460 460 111 111
 6 15 4 54 54 501 501 108 108 383 383
 6 16 2 258 258 219 219
 7 1 6 212 212 405 405 147 147 295 295 451 451 428 428
 7 2 6 43 43 526 526 483 483 134 134 267 267 401 401
 7 3 5 497 497 508 508 12 12 394 394 527 527
 7 4 6 163 163 327 327 52 52 372 372 452 452 160 160
 7 5 0
 7 6 3 148 148 65 65 339 339
 7 7 3 20 20 444 444 256 256
 7 8 6 499 499 430 430 477 477 313 313 427 427 399 399
 7 9 4 367 367 364 364 413 413 270 270
 7 10 5 470 470 231 231 328 328 387 387 369 369
 7 11 2 24 24 225 225
 7 12 6 284 284 223 223 397 397 357 357 269 269 262 262
 7 13 6 194 194 235 235 478 478 484 484 240 240 104 104
 7 14 3 211 211 294 294 264 264
 7 15 3 358 358 321 321 75 75
 7 16 6 229 229 5 5 167 167 58 58 213 213 217 217
 8 1 4 287 287 121 121 408 408 234 234
 8 2 4 467 467 66 66 464 464 102 102
 8 3 6 305 305 237 237 151 151 489 489 455 455 442 442
 8 4 4 376 376 296 296 31 31 137 137
 8 5 5 119 119 334 334 507 507 322 322 278 278
 8 6 4 248 248 495 495 124 124 304 304
 8 7 2 302 302 312 312
 8 8 2 196 196 393 393
 8 9 2 366 366 330 330
 8 10 4 362 362 175 175 208 208 356 356
 8 11 6 496 496 88 88 243 243 238 238 340 340 203 203
 8 12 5 511 511 445 445 82 82 227 227 117 117
 8 13 2 531 531 63 63
 8 14 3 386 386 30 30 171 171
 8 15 6 307 307 513 513 485 485 233 233 139 139 145 145
 8 16 3 249 249 34 34 424 424
