0 12.6428 17 15 20 13 23 
1 12.6344 2 19 20 15 29 
2 12.5674 14 8 6 19 22 
3 12.7409 15 20 5 23 19 
4 12.6344 29 20 15 19 2 
5 12.7938 1 22 15 5 4 
6 12.7516 17 23 24 13 15 
7 12.749 6 11 13 9 28 
8 12.7297 27 28 15 8 22 
9 12.7355 29 22 7 19 6 
10 12.7362 15 8 4 1 27 
11 12.6347 22 19 15 6 20 
12 12.6877 5 22 7 23 6 
13 12.6515 15 27 8 11 22 
14 12.7845 19 15 7 21 24 
15 12.7569 21 6 5 22 17 
16 12.7476 17 13 27 24 28 
17 12.7362 8 15 27 1 4 
18 12.6614 8 13 15 22 19 
19 12.727 22 13 15 27 20 
20 12.7531 20 15 16 22 19 
21 12.5923 22 13 5 15 27 
22 12.7717 16 6 23 0 17 
23 12.8284 27 17 15 13 6 
24 12.7465 28 15 2 4 11 
25 12.7475 1 2 21 15 17 
26 12.754 8 11 22 1 20 
27 12.6344 2 15 29 20 19 
28 12.5912 23 22 3 8 15 
29 12.5784 22 15 27 1 5 
