0 12.973 13 14 26 21 10 7 8 22 27 29 16 17 12 28 9 19 18 
1 12.9273 1 26 4 10 16 11 18 21 5 29 24 17 19 25 6 28 0 
2 12.8683 4 29 14 21 20 15 5 16 12 24 6 27 8 7 3 22 18 
3 12.978 12 11 17 20 7 13 23 9 4 6 22 14 1 29 27 15 24 
4 12.9854 27 5 23 4 26 13 28 0 6 17 10 12 19 18 11 16 25 
5 12.8607 24 20 21 13 2 15 6 0 14 11 25 19 27 17 18 22 29 
6 12.9744 14 3 22 7 28 0 13 29 27 4 10 17 18 11 23 8 2 
7 12.8448 28 22 29 27 13 9 8 23 20 17 15 24 14 1 21 11 2 
8 12.943 3 21 24 22 14 20 11 7 5 8 27 15 19 16 4 29 6 
9 12.9349 27 15 14 16 21 11 7 23 17 22 25 20 24 1 29 4 13 
10 12.9225 6 28 29 27 7 17 19 11 26 14 9 21 10 8 23 25 22 
11 12.8973 3 17 8 4 28 18 19 22 6 11 24 9 10 29 1 13 27 
12 12.9808 11 23 22 14 16 24 5 6 15 27 20 19 8 21 13 7 17 
13 12.9617 28 1 19 23 17 13 6 22 18 2 9 4 7 5 0 10 29 
14 12.8396 17 24 28 7 10 4 18 23 27 9 25 5 13 6 11 22 29 
15 13.0097 28 5 4 18 1 16 7 9 8 19 14 29 27 21 26 12 22 
16 12.924 28 29 7 6 9 18 5 14 11 22 4 8 17 0 1 19 26 
17 12.7973 24 20 6 3 27 22 14 18 5 4 11 21 29 13 17 15 9 
18 13.0127 6 16 5 17 11 27 20 8 13 15 19 21 26 9 14 24 7 
19 13.0131 9 1 17 29 6 28 0 23 21 4 19 12 11 27 7 14 8 
20 12.9199 15 12 18 2 19 4 11 7 24 16 8 27 13 22 9 14 29 
21 12.9603 9 27 10 3 7 12 25 11 21 6 4 24 1 28 22 15 8 
22 12.9418 17 19 24 8 28 5 22 1 13 9 16 10 23 7 4 6 29 
23 12.8419 17 23 29 5 18 16 11 28 8 22 24 7 19 1 10 13 6 
24 12.9661 28 18 29 17 4 27 22 2 21 13 3 10 23 8 11 7 1 
25 12.9605 28 13 7 15 1 16 27 23 8 6 4 22 29 18 21 10 9 
26 12.903 4 21 9 14 3 20 22 17 15 24 2 19 11 7 23 28 8 
27 12.8642 28 23 9 20 6 17 24 29 7 11 26 18 19 8 3 22 1 
28 12.9246 15 26 28 10 19 13 27 8 25 0 11 5 7 21 18 4 12 
29 12.8959 13 6 23 19 11 3 8 9 4 22 5 24 29 7 0 18 1 
