0 13.0745 13 6 21 5 27 14 18 19 22 1 23 11 20 28 2 7 15 4 24 17 26 25 10 29 0 
1 13.0937 1 13 9 4 11 24 19 22 12 17 27 15 14 2 25 26 23 3 29 20 0 21 6 28 8 
2 13.1042 14 26 24 13 23 27 11 16 19 7 1 4 15 18 17 29 5 6 22 20 21 0 3 12 28 
3 13.0526 15 11 21 6 23 9 14 24 25 8 18 4 19 12 29 22 26 1 20 27 5 17 0 28 13 
4 13.0443 2 20 17 13 23 11 29 1 7 27 5 6 14 26 24 25 0 22 15 18 19 21 4 10 3 
5 13.0847 19 25 6 21 5 0 24 20 26 27 10 13 4 28 23 18 14 22 11 7 29 1 12 17 3 
6 13.0518 28 17 21 1 12 15 6 8 26 18 13 23 25 22 19 20 24 4 11 14 27 5 2 0 29 
7 13.0914 13 19 0 29 25 23 24 6 27 15 8 11 3 1 21 17 26 18 7 16 22 20 28 14 4 
8 13.1014 24 19 22 11 14 0 3 5 23 21 27 28 8 17 18 6 13 29 20 1 26 15 7 2 4 
9 13.0443 13 4 22 29 14 3 20 7 19 25 12 2 1 15 27 18 21 26 5 24 0 6 23 17 11 
10 13.0867 21 12 22 27 13 20 25 28 19 0 15 26 24 18 5 11 1 17 23 2 14 29 4 3 6 
11 13.0878 6 13 10 17 24 11 1 27 20 8 9 14 23 3 28 7 0 26 21 19 29 12 4 22 5 
12 13.0635 5 26 20 14 6 29 15 28 24 9 0 21 17 13 8 19 10 4 23 25 18 22 1 27 11 
13 13.0595 20 8 14 29 4 28 0 23 16 27 21 17 5 2 26 1 11 3 13 22 10 19 12 24 6 
14 13.08 19 8 17 25 12 1 9 28 11 24 22 4 23 2 14 21 3 6 26 5 29 10 13 0 27 
15 13.0636 20 28 29 11 24 23 22 5 26 0 27 14 2 13 21 1 3 10 15 7 4 6 17 18 19 
16 13.1261 20 17 0 3 5 23 6 22 1 11 21 14 4 10 19 25 26 16 29 24 18 27 12 13 7 
17 13.0922 9 5 0 19 4 29 22 8 7 28 16 21 3 20 6 24 18 23 27 1 17 13 14 11 26 
18 13.0617 6 14 3 26 9 29 2 23 13 22 11 27 15 21 17 28 24 8 20 4 1 25 19 0 5 
19 13.0922 22 23 4 13 26 16 7 21 24 20 11 28 6 9 17 18 14 5 19 27 0 29 3 8 1 
20 13.1251 16 28 12 29 2 25 18 27 14 8 0 19 21 23 13 22 1 11 6 20 26 3 17 4 5 
21 13.0847 28 0 24 6 11 27 16 12 22 19 18 13 4 3 17 23 5 26 14 21 29 10 1 7 20 
22 13.1454 0 4 22 18 29 24 13 27 11 20 25 9 16 23 28 26 1 6 19 12 5 17 21 15 3 
23 13.0976 1 14 3 24 2 26 17 25 27 0 22 10 21 15 6 20 13 29 11 28 5 23 19 4 18 
24 13.107 6 19 24 14 20 3 1 21 23 9 29 27 25 11 28 2 4 17 26 22 13 18 10 5 15 
25 13.0706 12 18 20 21 29 17 4 28 24 14 22 25 16 5 23 1 8 11 27 6 0 13 26 19 15 
26 13.0912 22 21 17 0 11 19 14 28 13 15 4 3 16 24 20 29 1 9 18 5 23 6 26 27 8 
27 13.0867 2 5 28 26 29 19 20 21 13 0 4 3 15 14 11 1 25 27 22 6 24 12 17 23 7 
28 13.0753 10 1 22 12 0 5 23 27 29 2 14 11 8 21 3 25 7 28 6 17 19 24 13 4 26 
29 13.1018 19 26 3 1 4 5 14 11 21 9 20 13 15 6 22 24 2 7 25 23 17 10 29 28 27 
