0 12.6109 28 32 39 27 16 41 
1 12.6632 46 32 39 19 28 40 
2 12.7269 32 14 16 19 35 39 
3 12.7741 23 8 15 36 18 19 
4 12.726 11 7 46 24 15 28 
5 12.6386 39 13 33 8 32 5 
6 12.6762 32 33 20 16 11 7 
7 12.6205 32 31 49 19 39 46 
8 12.5146 7 11 21 30 14 17 
9 12.3977 23 39 47 32 41 1 
10 12.6825 19 39 32 46 45 43 
11 12.7213 27 47 32 44 49 34 
12 12.5859 32 39 17 3 24 19 
13 12.7294 23 45 9 33 7 6 
14 12.7331 6 19 33 7 41 22 
15 12.6448 15 16 47 39 8 22 
16 12.5958 39 44 22 19 30 32 
17 12.6406 41 27 17 14 29 13 
18 12.5424 5 15 32 27 39 7 
19 12.4491 39 46 32 19 41 33 
20 12.684 33 15 20 36 6 32 
21 12.6661 47 49 34 32 15 24 
22 12.6472 19 33 28 46 47 6 
23 12.6683 7 9 47 45 32 5 
24 12.6988 15 6 34 45 21 47 
25 12.7291 30 15 39 1 47 21 
26 12.6409 32 39 19 29 23 3 
27 12.752 32 2 38 33 39 19 
28 12.731 41 47 33 28 13 32 
29 12.7408 30 29 5 39 11 9 
