0 12.8708 11 20 5 30 31 28 33 35 15 32 
1 12.8651 30 49 33 29 4 31 35 14 8 15 
2 12.683 36 33 40 17 30 38 1 14 49 15 
3 12.8781 33 8 37 16 22 46 30 49 11 43 
4 12.7432 29 14 40 8 33 9 21 17 5 45 
5 12.7868 15 38 21 17 30 6 33 28 42 18 
6 12.8334 15 11 7 26 46 5 21 30 44 42 
7 12.7814 17 33 32 2 6 1 31 30 47 5 
8 12.7953 26 20 43 13 47 33 30 9 22 19 
9 12.6802 38 31 5 39 41 45 29 32 33 22 
10 12.8281 8 11 28 39 6 46 14 43 40 33 
11 12.7758 22 25 26 30 41 29 0 32 33 38 
12 12.8487 28 7 47 11 12 8 23 1 42 33 
13 12.8136 2 17 48 5 20 39 15 33 47 3 
14 12.7539 20 36 30 28 33 46 49 26 18 15 
15 12.8206 14 47 46 1 29 21 42 19 17 12 
16 12.8879 3 5 45 32 11 14 17 15 39 27 
17 12.7778 14 30 11 43 33 23 7 1 26 5 
18 12.869 14 34 17 24 31 3 1 27 33 35 
19 12.9086 31 30 33 47 49 15 0 18 32 2 
20 12.5495 38 14 29 43 33 8 45 2 30 31 
21 12.6367 32 22 21 6 31 33 11 42 29 8 
22 12.892 10 19 17 29 41 33 11 23 39 8 
23 12.695 42 29 14 22 38 4 41 33 6 15 
24 12.9329 16 24 42 22 25 46 13 32 12 10 
25 12.7279 7 33 26 22 32 20 6 30 49 19 
26 12.6513 32 46 17 19 47 29 5 4 16 15 
27 12.7951 21 29 13 22 3 41 30 8 46 15 
28 12.8556 38 10 23 7 19 39 41 8 11 45 
29 12.8391 16 21 45 15 40 34 20 5 32 19 
