0 12.9429 6 41 18 28 8 11 19 21 7 46 4 17 22 3 
1 12.8246 27 25 42 15 7 49 19 33 46 0 48 14 22 29 
2 12.7844 24 17 36 29 31 6 22 30 46 10 14 41 33 1 
3 12.7728 21 27 25 26 2 6 31 42 24 15 22 33 29 17 
4 12.8644 10 33 14 36 2 7 39 28 19 32 30 29 8 21 
5 12.9047 34 19 22 30 14 35 25 43 45 26 33 32 8 7 
6 12.8204 8 46 9 30 21 42 7 3 19 13 29 15 20 27 
7 12.8573 33 12 29 28 5 19 21 46 39 13 36 14 27 17 
8 12.8257 32 5 46 20 29 24 37 42 9 41 30 43 21 31 
9 12.9373 12 42 47 15 31 4 5 33 28 24 20 8 1 46 
10 12.7395 12 41 7 29 15 42 21 8 9 26 6 5 11 39 
11 12.9192 5 24 45 42 19 30 34 1 6 2 38 21 8 46 
12 12.9294 47 17 20 4 9 37 41 15 22 12 28 30 29 32 
13 12.8977 46 10 31 15 13 30 33 47 5 19 20 25 36 48 
14 12.7484 47 33 42 29 11 21 15 8 26 46 20 49 37 5 
15 12.9109 38 21 30 11 46 25 13 24 3 34 31 47 14 32 
16 12.7367 15 6 36 27 42 45 34 35 5 46 33 31 22 32 
17 12.9319 27 7 20 39 29 38 42 18 5 4 33 17 45 13 
18 12.8342 19 48 7 15 20 16 28 33 49 29 1 46 30 32 
19 12.9022 4 47 19 9 22 25 49 14 17 2 13 30 33 29 
20 12.9299 30 7 42 47 23 24 33 13 0 20 8 46 2 11 
21 12.8576 17 0 15 7 45 21 44 28 33 25 29 47 27 12 
22 12.8345 20 34 17 2 33 41 45 25 0 27 15 7 29 39 
23 12.8345 15 26 17 46 20 23 19 11 1 40 22 29 33 41 
24 12.8957 26 11 30 25 7 44 28 43 38 34 13 46 8 19 
25 12.8832 42 44 24 17 11 27 3 8 33 20 45 41 1 21 
26 12.9452 20 17 15 11 12 8 39 7 21 16 45 26 3 14 
27 12.8291 38 33 30 19 44 43 7 14 17 25 18 47 8 20 
28 12.7815 25 33 30 32 7 37 31 20 46 2 29 22 12 38 
29 12.9035 33 20 23 2 18 5 35 32 11 34 46 30 10 15 
