23773.0 23778.0 23714.0 23767.0 23753.0 23753.0 23750.0 23754.0 23792.0 
23805.0 23762.0 23745.0 23812.0 23820.0 23761.0 23770.0 23757.0 23757.0 
23685.0 23655.0 23743.0 23720.0 23734.0 23719.0 23771.0 23778.0 23781.0 
23798.0 23758.0 23753.0 23759.0 23747.0 23806.0 23784.0 23753.0 23766.0 
23838.0 23726.0 23726.0 23721.0 23702.0 23818.0 23812.0 23789.0 23769.0 
23910.0 23759.0 23766.0 23850.0 23839.0 23743.0 23721.0 23765.0 23777.0 
23864.0 23789.0 23773.0 23742.0 23833.0 23831.0 23786.0 23775.0 23736.0 
23773.0 23757.0 23737.0 23772.0 23808.0 23745.0 23780.0 23761.0 23721.0 
23856.0 23783.0 23713.0 23805.0 23767.0 23793.0 23740.0 23816.0 23756.0 
23744.0 23721.0 23721.0 23758.0 23793.0 23753.0 23753.0 23763.0 23761.0 
23733.0 23717.0 23780.0 23801.0 23749.0 23806.0 23758.0 23739.0 23756.0 
23740.0 23826.0 23768.0 23840.0 23730.0 23697.0 23757.0 23749.0 23744.0 
23773.0 23792.0 23751.0 23748.0 23719.0 23755.0 23762.0 23762.0 23791.0 
23835.0 23764.0 23759.0 23720.0 23737.0 23727.0 23706.0 23787.0 23746.0 
23800.0 23851.0 23808.0 23726.0 23675.0 23735.0 23770.0 23787.0 23731.0 
23733.0 23752.0 23796.0 23770.0 23735.0 23725.0 23756.0 23767.0 23777.0 
23838.0 23804.0 23731.0 23778.0 23782.0 23746.0 23770.0 23711.0 23802.0 
23845.0 23749.0 23731.0 23831.0 23821.0 23752.0 23746.0 23743.0 23776.0 
23828.0 23796.0 23668.0 23790.0 23829.0 23719.0 23826.0 23763.0 23799.0 
23838.0 23756.0 23777.0 23786.0 23783.0 23694.0 23736.0 23761.0 23766.0 
23795.0 23810.0 23700.0 23813.0 23741.0 23722.0 23787.0 23758.0 23715.0 
23795.0 23799.0 23678.0 23790.0 23679.0 23710.0 23713.0 23750.0 23769.0 
23746.0 23743.0 23729.0 23729.0 23830.0 23748.0 23762.0 23798.0 23780.0 
23773.0 23763.0 23783.0 23757.0 23714.0 23771.0 23800.0 23735.0 23754.0 
23803.0 23707.0 23795.0 23789.0 23711.0 23764.0 23752.0 23808.0 23739.0 
23845.0 23743.0 23732.0 23733.0 23734.0 23748.0 23765.0 23738.0 23792.0 
23746.0 23757.0 23750.0 23750.0 23750.0 23785.0 23707.0 23749.0 23769.0 
23786.0 23725.0 23784.0 23758.0 23705.0 23760.0 23786.0 23796.0 23745.0 
23765.0 23813.0 23782.0 23778.0 23765.0 23751.0 23698.0 23746.0 23740.0 
23775.0 23748.0 23660.0 23788.0 23740.0 23774.0 23745.0 23734.0 23784.0 

23685.0 23655.0 23660.0 23720.0 23675.0 23694.0 23698.0 23711.0 23715.0 
23795.0 23758.5 23747.5 23771.0 23748.0 23751.5 23760.0 23761.0 23766.0 
23910.0 23851.0 23808.0 23850.0 23839.0 23831.0 23826.0 23816.0 23802.0 
23794.6 23763.433333333334 23745.1 23772.7 23757.5 23753.7 23758.966666666667 23763.066666666666 23763.033333333333 
48.66110816941865 39.663831638280804 37.69327206041802 35.77530452411417 46.91279510781239 33.90163255147416 30.556316953244323 23.777609481267834 22.851067029086764 
