23705.0 23721.0 23709.0 23852.0 23802.0 23856.0 23728.0 23800.0 23787.0 
23728.0 23694.0 23758.0 23756.0 23863.0 23770.0 23754.0 23866.0 23854.0 
23743.0 23813.0 23765.0 23798.0 23747.0 23852.0 23784.0 23810.0 23847.0 
23738.0 23692.0 23789.0 23829.0 23765.0 23848.0 23813.0 23834.0 23838.0 
23697.0 23730.0 23782.0 23833.0 23820.0 23823.0 23795.0 23820.0 23809.0 
23707.0 23715.0 23748.0 23755.0 23857.0 23810.0 23806.0 23744.0 23852.0 
23674.0 23773.0 23668.0 23752.0 23747.0 23778.0 23780.0 23839.0 23840.0 
23726.0 23761.0 23688.0 23774.0 23811.0 23850.0 23850.0 23832.0 23810.0 
23756.0 23766.0 23741.0 23825.0 23831.0 23844.0 23759.0 23768.0 23831.0 
23697.0 23757.0 23774.0 23795.0 23820.0 23778.0 23736.0 23851.0 23847.0 
23767.0 23760.0 23716.0 23831.0 23733.0 23840.0 23743.0 23849.0 23837.0 
23668.0 23755.0 23681.0 23829.0 23797.0 23768.0 23790.0 23767.0 23848.0 
23769.0 23754.0 23788.0 23783.0 23751.0 23762.0 23787.0 23853.0 23824.0 
23756.0 23806.0 23743.0 23750.0 23829.0 23766.0 23799.0 23828.0 23792.0 
23668.0 23703.0 23720.0 23778.0 23779.0 23796.0 23793.0 23828.0 23838.0 
23705.0 23776.0 23760.0 23815.0 23788.0 23764.0 23756.0 23801.0 23820.0 
23756.0 23642.0 23797.0 23750.0 23805.0 23807.0 23813.0 23819.0 23828.0 
23738.0 23750.0 23780.0 23781.0 23752.0 23791.0 23870.0 23829.0 23824.0 
23769.0 23728.0 23719.0 23822.0 23762.0 23784.0 23830.0 23807.0 23825.0 
23699.0 23843.0 23704.0 23767.0 23852.0 23812.0 23829.0 23857.0 23848.0 
23695.0 23614.0 23740.0 23817.0 23786.0 23795.0 23816.0 23837.0 23833.0 
23745.0 23704.0 23733.0 23798.0 23812.0 23784.0 23807.0 23824.0 23860.0 
23769.0 23694.0 23704.0 23732.0 23725.0 23771.0 23802.0 23799.0 23835.0 
23707.0 23683.0 23778.0 23724.0 23828.0 23783.0 23785.0 23748.0 23851.0 
23816.0 23768.0 23789.0 23786.0 23757.0 23802.0 23866.0 23803.0 23833.0 
23674.0 23721.0 23752.0 23813.0 23755.0 23793.0 23809.0 23866.0 23836.0 
23695.0 23716.0 23687.0 23756.0 23796.0 23766.0 23768.0 23812.0 23828.0 
23719.0 23753.0 23739.0 23751.0 23820.0 23796.0 23806.0 23850.0 23808.0 
23724.0 23729.0 23646.0 23808.0 23804.0 23838.0 23787.0 23798.0 23836.0 
23719.0 23756.0 23739.0 23778.0 23813.0 23778.0 23791.0 23817.0 23792.0 

23668.0 23614.0 23646.0 23724.0 23725.0 23762.0 23728.0 23744.0 23787.0 
23721.5 23740.0 23740.5 23784.5 23799.5 23794.0 23794.0 23822.0 23834.0 
23816.0 23843.0 23797.0 23852.0 23863.0 23856.0 23870.0 23866.0 23860.0 
23724.3 23735.9 23737.9 23787.933333333334 23793.566666666666 23800.166666666668 23795.066666666666 23818.533333333333 23830.366666666665 
35.747341352792986 47.68022072385846 39.73563501009104 34.00703105123322 37.47705811636595 30.346372087130526 34.40522547855028 31.804069717171615 18.830429030461953 
