23761.0 23682.0 23726.0 23785.0 23738.0 23773.0 23774.0 23778.0 23770.0 
23734.0 23661.0 23717.0 23658.0 23826.0 23722.0 23797.0 23804.0 23785.0 
23704.0 23684.0 23696.0 23653.0 23769.0 23758.0 23717.0 23763.0 23759.0 
23681.0 23749.0 23735.0 23706.0 23757.0 23776.0 23796.0 23755.0 23771.0 
23761.0 23696.0 23710.0 23716.0 23802.0 23750.0 23729.0 23743.0 23773.0 
23732.0 23718.0 23730.0 23718.0 23756.0 23752.0 23737.0 23728.0 23805.0 
23662.0 23755.0 23695.0 23787.0 23765.0 23785.0 23745.0 23819.0 23789.0 
23652.0 23759.0 23764.0 23698.0 23779.0 23742.0 23736.0 23753.0 23786.0 
23678.0 23742.0 23753.0 23738.0 23742.0 23748.0 23702.0 23758.0 23796.0 
23698.0 23697.0 23690.0 23680.0 23803.0 23737.0 23739.0 23773.0 23774.0 
23652.0 23762.0 23747.0 23704.0 23784.0 23735.0 23744.0 23729.0 23811.0 
23700.0 23671.0 23721.0 23768.0 23806.0 23768.0 23747.0 23740.0 23798.0 
23738.0 23715.0 23740.0 23779.0 23780.0 23763.0 23755.0 23735.0 23787.0 
23652.0 23700.0 23751.0 23691.0 23736.0 23724.0 23710.0 23806.0 23810.0 
23786.0 23684.0 23755.0 23785.0 23745.0 23717.0 23730.0 23806.0 23774.0 
23720.0 23678.0 23736.0 23712.0 23707.0 23739.0 23741.0 23715.0 23782.0 
23652.0 23724.0 23729.0 23701.0 23719.0 23756.0 23753.0 23755.0 23819.0 
23780.0 23758.0 23757.0 23662.0 23748.0 23763.0 23785.0 23738.0 23773.0 
23647.0 23719.0 23781.0 23758.0 23855.0 23755.0 23761.0 23738.0 23805.0 
23647.0 23723.0 23779.0 23725.0 23756.0 23801.0 23777.0 23756.0 23721.0 
23678.0 23806.0 23710.0 23791.0 23772.0 23732.0 23724.0 23761.0 23801.0 
23770.0 23746.0 23727.0 23753.0 23760.0 23709.0 23756.0 23745.0 23770.0 
23704.0 23741.0 23689.0 23724.0 23755.0 23667.0 23782.0 23726.0 23805.0 
23754.0 23715.0 23688.0 23774.0 23768.0 23771.0 23756.0 23717.0 23758.0 
23761.0 23790.0 23762.0 23672.0 23805.0 23749.0 23699.0 23735.0 23784.0 
23706.0 23812.0 23671.0 23782.0 23827.0 23707.0 23750.0 23725.0 23773.0 
23786.0 23645.0 23767.0 23771.0 23781.0 23744.0 23771.0 23752.0 23737.0 
23724.0 23742.0 23744.0 23831.0 23790.0 23705.0 23803.0 23761.0 23806.0 
23663.0 23718.0 23746.0 23747.0 23738.0 23735.0 23754.0 23720.0 23779.0 
23690.0 23686.0 23736.0 23702.0 23790.0 23802.0 23773.0 23713.0 23810.0 

23647.0 23645.0 23671.0 23653.0 23707.0 23667.0 23699.0 23713.0 23721.0 
23704.0 23718.5 23735.5 23724.5 23768.5 23748.5 23751.5 23748.5 23784.5 
23786.0 23812.0 23781.0 23831.0 23855.0 23802.0 23803.0 23819.0 23819.0 
23709.1 23722.6 23731.733333333334 23732.366666666665 23771.966666666667 23746.166666666668 23751.433333333334 23751.566666666666 23783.7 
46.026491622048304 41.310097287842765 28.590971969503233 46.473190887482296 33.22492140395295 29.177321534952846 27.283547313774807 28.39582695583538 22.291408581597622 
