0 12.5276 32 15 39 13 
1 12.429 39 9 32 27 
2 12.4991 7 15 32 33 
3 12.4959 32 42 39 41 
4 12.5536 2 6 28 32 
5 12.5603 7 19 24 32 
6 12.4591 35 33 17 15 
7 12.4987 41 39 32 44 
8 12.3022 30 39 32 13 
9 12.3387 45 32 13 39 
10 12.5688 1 32 16 34 
11 12.5435 32 6 28 29 
12 12.396 3 19 32 15 
13 12.5698 32 15 28 3 
14 12.4189 13 19 32 39 
15 12.3002 32 24 1 39 
16 12.3592 28 15 32 33 
17 12.4398 1 30 32 39 
18 12.3325 32 39 41 45 
19 12.4556 32 8 28 15 
20 12.6397 27 34 1 42 
21 12.5406 40 15 33 32 
22 12.4657 1 3 46 15 
23 12.2538 32 15 19 30 
24 12.4072 33 32 36 8 
25 12.537 39 30 32 42 
26 12.3535 30 32 36 15 
27 12.5228 32 33 41 34 
28 12.4235 15 32 19 20 
29 12.5273 15 47 28 8 
