0 12.7675 21 33 1 4 48 30 19 23 14 28 8 45 24 15 31 
1 12.8007 40 1 5 30 22 17 33 19 43 32 46 10 27 13 47 
2 12.7129 28 20 36 12 17 39 46 14 8 3 21 34 32 1 38 
3 12.7149 30 21 20 5 32 31 13 17 1 22 28 14 24 39 4 
4 12.766 21 41 23 36 27 6 1 10 14 32 17 5 33 29 24 
5 12.7849 49 13 22 21 44 46 17 36 32 3 47 28 9 38 27 
6 12.7047 46 27 31 45 12 24 19 4 32 15 13 33 22 17 49 
7 12.7247 11 29 0 12 1 21 20 45 4 42 7 33 38 26 6 
8 12.6892 5 29 24 25 30 15 28 32 34 36 27 6 21 39 35 
9 12.6672 32 29 14 33 4 35 27 17 25 49 28 7 30 11 21 
10 12.7364 35 1 38 43 3 27 30 46 17 39 13 33 14 48 15 
11 12.7173 39 8 36 32 30 20 14 41 46 1 6 0 24 29 22 
12 12.744 7 15 17 13 23 38 40 32 39 43 1 36 12 4 28 
13 12.6928 14 32 35 46 27 1 31 8 36 19 22 5 33 15 24 
14 12.6619 23 38 15 45 42 32 19 34 46 11 39 13 33 22 10 
15 12.7392 24 13 46 34 47 27 3 39 48 42 15 11 41 14 22 
16 12.8923 17 27 40 15 24 4 18 6 22 45 20 32 31 13 21 
17 12.5752 45 22 39 6 17 49 1 13 12 47 14 34 38 32 27 
18 12.5221 38 27 32 45 39 15 46 29 36 31 33 5 44 35 17 
19 12.7343 30 41 15 12 17 45 36 22 29 38 7 24 39 46 3 
20 12.7215 21 31 5 48 29 27 20 22 15 17 6 28 41 33 1 
21 12.7939 46 31 30 15 13 39 33 43 28 27 38 17 47 12 29 
22 12.8215 20 11 40 24 21 36 25 45 0 1 27 42 23 8 29 
23 12.4331 13 31 3 26 0 41 33 24 22 27 32 36 29 15 38 
24 12.8423 6 24 12 11 8 23 1 42 30 41 21 45 13 7 38 
25 12.8104 16 24 8 38 30 42 45 0 17 11 29 22 39 6 7 
26 12.7945 30 33 14 22 41 36 46 47 7 6 15 38 49 4 9 
27 12.8158 22 19 48 21 25 35 33 29 6 9 17 37 24 42 49 
28 12.7829 14 20 8 13 31 28 41 7 26 6 38 33 21 48 11 
29 12.8514 32 19 14 15 8 33 18 39 2 3 46 7 12 22 45 
