0 13.0568 36 41 32 45 18 15 34 49 25 16 2 23 9 39 6 14 4 1 37 27 28 44 29 43 7 40 38 48 5 22 21 12 19 47 46 8 35 30 33 11 
1 13.1165 28 49 22 2 37 7 19 46 18 27 16 12 26 38 25 4 40 9 20 5 47 24 39 29 36 17 35 6 30 43 21 48 45 34 1 32 3 42 33 11 
2 13.165 38 46 11 10 22 39 25 14 15 2 8 28 26 24 37 45 20 6 43 0 12 16 7 29 4 18 41 30 17 44 3 1 27 35 48 40 47 49 9 36 
3 13.1322 29 27 44 16 7 22 0 19 21 49 25 38 36 20 34 32 6 40 18 17 2 9 8 26 39 47 11 48 15 12 30 37 35 10 13 42 43 5 46 1 
4 13.1276 26 8 6 0 34 32 7 46 42 40 47 35 15 12 5 49 39 1 45 44 24 43 36 18 28 2 16 17 37 27 14 33 13 10 23 9 30 29 11 38 
5 13.1283 1 49 38 10 6 24 21 4 47 26 18 20 25 48 16 43 9 3 5 11 37 19 36 32 42 7 35 27 13 45 14 39 28 12 46 23 29 30 17 8 
6 13.1618 10 2 12 14 33 49 22 5 42 9 39 30 47 28 43 16 25 7 35 15 45 20 26 34 31 3 17 38 0 32 1 11 36 18 46 21 19 40 37 4 
7 13.1435 13 5 21 34 22 3 20 48 25 38 17 36 24 42 32 44 31 4 10 29 47 12 40 1 7 46 39 8 43 19 27 14 11 45 33 9 28 49 37 18 
8 13.1556 14 46 29 4 45 15 18 7 33 40 47 25 36 17 42 19 44 32 28 13 38 8 27 9 0 16 21 11 30 39 34 12 37 43 22 5 35 6 31 1 
9 13.1528 7 40 15 36 17 10 18 5 11 45 19 29 23 16 37 41 28 25 34 0 26 6 31 38 4 46 48 32 33 43 35 39 27 13 47 22 21 1 44 2 
10 13.1266 42 22 32 26 20 1 46 39 43 21 8 13 28 44 16 7 37 6 45 49 48 27 9 31 35 3 36 40 0 12 18 38 11 33 17 29 5 10 47 25 
11 13.1235 41 9 46 37 30 11 8 29 40 27 35 42 36 47 4 25 38 34 14 15 19 39 10 28 17 21 20 49 33 6 43 45 32 2 26 7 3 44 22 18 
12 13.1345 5 27 0 49 40 47 43 15 44 22 17 33 1 18 14 8 11 21 46 25 30 3 37 32 39 26 16 10 9 28 48 24 4 2 34 12 35 42 20 7 
13 13.1133 5 25 28 47 29 6 1 0 48 20 39 7 12 9 22 15 18 46 17 13 3 16 2 21 30 40 11 43 24 27 35 49 10 26 45 37 36 14 32 4 
14 13.1591 46 32 30 13 8 43 20 48 49 21 16 17 42 4 3 5 11 24 45 41 38 10 9 1 23 27 25 7 18 47 40 34 2 15 12 29 6 36 39 22 
15 13.1625 26 16 43 38 35 45 30 14 42 19 33 47 24 21 36 31 27 2 4 44 46 39 28 11 10 5 0 8 37 7 20 34 18 40 13 25 49 17 12 32 
16 13.1583 45 9 24 36 3 39 46 21 20 42 30 2 37 38 35 43 4 8 6 18 27 40 22 31 11 47 5 28 12 49 33 7 29 41 15 34 23 14 26 13 
17 13.1369 10 33 5 3 1 18 29 32 30 44 48 36 9 49 45 42 27 22 2 28 6 26 8 38 43 7 41 17 25 37 14 4 24 34 21 46 35 20 39 47 
18 13.1553 30 11 16 36 5 29 37 26 25 17 34 41 12 42 44 14 46 4 49 20 45 35 47 39 27 28 43 18 32 33 15 2 0 40 22 48 21 8 9 6 
19 13.1461 45 5 6 20 42 25 33 24 7 35 43 17 48 21 11 27 47 28 0 44 16 4 2 26 29 46 3 1 18 13 40 10 34 8 32 31 9 37 12 36 
20 13.1196 27 35 32 33 11 8 24 40 15 44 23 0 18 17 28 39 47 38 6 31 46 36 26 25 48 1 42 49 22 3 16 20 30 34 9 37 45 43 7 2 
21 13.1578 23 41 44 15 14 46 21 7 18 9 36 2 3 1 24 34 17 13 43 11 32 22 27 5 26 19 4 45 12 30 28 10 6 33 48 29 39 40 20 49 
22 13.1167 39 48 16 31 18 35 32 34 0 33 15 47 36 5 28 45 20 29 17 46 49 11 25 30 41 42 6 43 3 40 24 26 9 38 21 2 37 14 4 7 
23 13.1551 1 46 24 47 35 44 22 18 11 16 45 48 10 43 20 3 5 0 9 37 7 40 33 17 26 6 32 30 29 38 2 27 25 41 12 49 36 28 31 21 
24 13.1306 4 23 26 29 6 2 14 36 16 44 43 48 0 18 35 42 3 27 41 32 11 20 17 28 30 22 19 7 15 45 24 47 46 9 8 34 33 25 39 49 
25 13.1346 41 14 0 9 30 4 21 43 38 40 36 47 6 5 33 18 28 24 29 3 13 34 42 48 19 46 10 32 11 45 1 39 49 23 27 20 7 17 2 35 
26 13.1436 5 10 0 35 27 32 11 14 9 20 3 48 31 28 1 40 22 38 12 8 47 45 30 33 15 41 34 46 16 24 18 6 2 4 29 43 26 49 42 7 
27 13.1615 28 16 12 0 9 11 40 7 26 39 24 13 4 27 43 8 46 1 10 20 30 3 6 33 25 5 37 36 47 44 41 38 35 17 18 29 42 22 48 49 
28 13.1507 30 5 12 1 24 10 9 15 2 0 40 28 32 43 41 33 48 20 17 21 6 31 35 8 27 42 25 45 36 47 49 7 4 44 34 16 37 22 39 11 
29 13.1584 44 17 7 35 21 43 26 12 27 46 22 11 31 39 37 10 34 25 29 3 47 5 4 15 19 42 48 2 6 18 36 20 40 13 38 0 41 32 23 45 
