0 12.9645 45 18 47 21 17 15 46 40 8 38 0 19 23 43 16 13 49 33 11 42 20 31 27 14 24 
1 12.984 29 36 8 18 19 26 7 22 42 12 44 45 4 17 38 23 32 11 30 39 35 5 41 43 46 
2 12.8858 4 35 31 15 21 18 14 8 27 11 42 7 43 45 24 44 20 32 38 17 26 5 2 10 13 
3 12.9714 38 17 2 30 10 39 13 26 25 49 47 0 5 24 42 4 27 20 6 8 22 29 1 23 11 
4 12.8083 12 38 21 28 15 7 24 47 14 36 45 18 25 43 35 42 3 33 29 30 20 27 46 32 19 
5 12.8672 33 6 26 18 47 32 2 49 17 11 30 28 19 42 23 1 15 12 46 39 34 36 22 10 43 
6 13.0079 34 24 40 23 32 11 33 30 43 0 19 45 22 15 21 37 5 13 44 47 25 29 17 1 39 
7 13.0089 17 26 8 43 2 38 28 21 25 37 29 40 6 35 47 27 4 36 12 7 33 30 22 3 1 
8 12.9096 25 29 17 1 14 23 40 33 43 5 19 27 36 3 32 22 34 31 20 15 35 21 46 16 13 
9 12.8705 17 33 15 14 38 25 27 45 8 37 41 22 2 6 21 36 46 43 44 29 47 11 5 32 20 
10 12.9491 21 28 32 9 24 8 19 22 47 16 20 25 4 42 10 49 1 38 43 29 31 7 11 33 34 
11 13.0025 45 13 35 34 4 28 22 23 42 20 10 0 32 1 6 26 44 38 46 21 25 3 31 47 17 
12 12.9611 21 18 1 14 22 10 45 8 48 13 32 23 36 29 39 38 15 34 33 12 6 11 42 19 43 
13 12.9959 11 14 5 15 19 34 49 6 48 21 44 38 46 16 37 4 45 20 13 24 30 17 23 28 22 
14 12.9982 12 4 2 32 37 27 1 20 14 15 21 18 13 17 33 16 46 38 39 11 45 5 29 6 24 
15 12.9183 11 19 42 30 0 12 8 6 20 21 45 41 26 31 22 24 2 1 5 33 46 27 15 17 48 
16 12.9598 46 35 22 13 27 24 21 11 49 0 47 30 9 15 20 17 6 44 42 38 45 8 31 28 3 
17 12.9874 14 20 8 38 12 37 28 39 29 7 10 9 11 45 18 41 19 4 1 36 46 21 42 25 34 
18 12.9367 27 42 1 17 46 32 3 21 45 19 8 24 13 11 40 6 15 33 20 25 14 44 38 34 5 
19 12.9469 28 14 17 10 32 13 29 46 47 16 41 21 45 15 38 27 36 11 33 22 30 5 37 20 48 
20 12.8699 8 17 38 26 44 6 20 29 11 0 14 15 21 5 7 30 10 33 12 36 46 22 25 40 42 
21 12.8197 33 38 30 26 35 22 47 42 16 6 49 18 17 28 12 5 11 43 10 1 27 23 25 36 31 
22 12.9739 22 38 8 21 48 46 14 30 1 5 7 39 32 43 19 33 40 42 47 45 16 18 15 26 11 
23 13.0165 49 27 40 28 13 45 36 11 22 44 38 33 29 48 32 34 43 46 6 21 17 41 31 37 42 
24 12.9565 47 39 22 21 11 42 14 7 18 20 40 48 0 43 33 44 30 24 38 2 19 46 45 17 15 
25 12.9389 34 11 28 23 26 27 7 16 46 32 43 39 4 14 38 42 47 41 10 9 37 22 19 21 44 
26 12.9765 24 11 30 18 28 32 27 7 39 48 21 6 40 4 46 0 8 19 44 23 49 42 43 22 33 
27 12.9628 31 49 42 16 21 38 20 30 12 24 6 36 8 23 0 45 47 40 27 46 15 11 5 3 17 
28 13.0338 14 6 30 23 36 38 35 3 42 33 25 29 37 2 26 0 1 11 12 48 19 45 22 28 32 
29 12.9267 15 33 32 46 29 9 47 14 25 38 24 4 30 21 27 7 45 13 48 20 42 0 3 12 19 
