0 12.8211 13 14 30 11 3 29 0 23 22 35 46 17 32 27 
1 12.7455 46 6 40 17 32 29 38 22 41 37 7 1 5 27 
2 12.6781 38 24 1 5 45 8 35 30 21 37 25 29 44 39 
3 12.7075 13 30 38 0 11 23 3 26 14 45 5 35 15 8 
4 12.8376 20 15 45 32 12 14 30 8 41 42 4 21 44 40 
5 12.5341 47 35 38 30 36 33 43 46 29 49 13 17 32 21 
6 12.7431 45 33 30 22 11 3 14 23 43 17 38 15 4 32 
7 12.8517 5 35 7 26 30 40 38 8 18 11 21 4 17 45 
8 12.7861 46 42 33 14 1 22 23 26 11 45 21 17 8 36 
9 12.6428 49 15 24 32 29 11 38 46 12 8 33 30 31 27 
10 12.6558 14 30 47 29 6 24 22 25 21 45 34 27 31 41 
11 12.7164 8 21 38 28 43 19 42 30 45 33 27 15 44 40 
12 12.5996 21 14 30 46 31 2 26 20 17 47 45 15 11 29 
13 12.8374 22 12 46 9 15 11 18 37 39 29 19 5 47 34 
14 12.7771 30 11 37 5 22 20 12 7 24 26 8 31 15 39 
15 12.7955 11 16 40 6 37 29 31 45 30 5 0 38 39 46 
16 12.831 36 7 6 25 38 21 45 46 32 22 27 16 18 30 
17 12.7616 47 21 45 19 34 9 32 8 23 13 46 28 25 22 
18 12.7173 18 42 6 48 33 43 40 23 9 32 25 11 5 15 
19 12.732 15 20 45 6 47 28 24 46 21 49 2 34 11 26 
20 12.8539 40 14 47 20 0 3 15 30 36 17 38 21 27 19 
21 12.6242 33 13 26 22 39 29 44 47 34 24 35 5 17 32 
22 12.7215 47 34 7 38 2 31 27 46 1 22 20 29 5 33 
23 12.7229 45 38 39 3 22 6 49 17 26 18 33 35 28 0 
24 12.8395 45 42 22 15 8 43 27 47 21 9 7 12 29 36 
25 12.6849 33 34 17 43 8 28 48 6 7 9 39 36 47 11 
26 12.7673 29 27 4 15 14 46 38 28 11 7 31 6 21 30 
27 12.8041 49 7 4 6 5 42 29 12 11 22 21 8 33 17 
28 12.6831 1 33 6 42 32 20 23 40 22 29 11 19 27 7 
29 12.8223 46 4 19 18 38 22 45 6 7 2 32 5 21 28 
