.\0.9\train\R011606_0006_001.txt 1 16 6 81 81
 1 1 6 44 44 70 70 72 72 27 27 78 78 53 53
 1 2 6 57 57 79 79 77 77 42 42 18 18 67 67
 1 3 4 7 7 81 81 6 6 40 40
 1 4 4 52 52 63 63 46 46 15 15
 1 5 6 71 71 68 68 65 65 37 37 43 43 22 22
 1 6 5 14 14 48 48 31 31 19 19 5 5
 1 7 6 35 35 26 26 34 34 59 59 41 41 1 1
 1 8 3 47 47 38 38 45 45
 1 9 3 8 8 74 74 36 36
 1 10 6 32 32 13 13 3 3 58 58 28 28 33 33
 1 11 6 29 29 9 9 73 73 69 69 51 51 16 16
 1 12 5 64 64 62 62 55 55 23 23 20 20
 1 13 6 39 39 30 30 61 61 60 60 10 10 75 75
 1 14 3 25 25 17 17 49 49
 1 15 6 4 4 12 12 24 24 56 56 2 2 76 76
 1 16 6 54 54 11 11 50 50 66 66 80 80 21 21
