.\0.9\train\R011608_0008_001.txt 1 16 8 108 108
 1 1 6 61 61 22 22 48 48 75 75 40 40 31 31
 1 2 8 21 21 99 99 38 38 82 82 44 44 2 2 96 96 42 42
 1 3 6 91 91 72 72 7 7 90 90 28 28 58 58
 1 4 5 56 56 12 12 94 94 98 98 54 54
 1 5 8 63 63 1 1 67 67 19 19 87 87 79 79 29 29 30 30
 1 6 6 95 95 55 55 36 36 71 71 33 33 66 66
 1 7 8 97 97 108 108 77 77 13 13 68 68 37 37 60 60 43 43
 1 8 8 65 65 14 14 49 49 6 6 23 23 50 50 80 80 106 106
 1 9 7 105 105 32 32 93 93 84 84 11 11 89 89 27 27
 1 10 8 51 51 74 74 64 64 8 8 101 101 17 17 15 15 5 5
 1 11 8 52 52 16 16 35 35 76 76 46 46 41 41 107 107 92 92
 1 12 6 102 102 18 18 3 3 81 81 69 69 45 45
 1 13 7 4 4 86 86 57 57 25 25 104 104 73 73 26 26
 1 14 6 103 103 9 9 10 10 53 53 88 88 20 20
 1 15 5 47 47 100 100 62 62 34 34 24 24
 1 16 6 39 39 59 59 78 78 85 85 83 83 70 70
