.\0.9\train\R021606_0006_002.txt 2 16 6 167 167
 1 1 3 68 68 93 93 50 50
 1 2 4 121 121 67 67 24 24 16 16
 1 3 5 25 25 73 73 66 66 85 85 120 120
 1 4 6 150 150 136 136 162 162 111 111 21 21 83 83
 1 5 6 133 133 99 99 4 4 159 159 54 54 132 132
 1 6 6 138 138 152 152 74 74 156 156 30 30 37 37
 1 7 6 147 147 42 42 104 104 38 38 94 94 96 96
 1 8 5 12 12 55 55 88 88 108 108 62 62
 1 9 5 163 163 15 15 18 18 105 105 82 82
 1 10 6 100 100 139 139 97 97 144 144 102 102 113 113
 1 11 6 131 131 143 143 14 14 137 137 71 71 63 63
 1 12 4 64 64 7 7 35 35 36 36
 1 13 6 9 9 26 26 84 84 103 103 86 86 78 78
 1 14 3 98 98 72 72 119 119
 1 15 6 34 34 167 167 10 10 5 5 27 27 155 155
 1 16 4 79 79 145 145 101 101 141 141
 2 1 6 107 107 148 148 2 2 123 123 17 17 59 59
 2 2 6 77 77 90 90 76 76 45 45 48 48 109 109
 2 3 5 31 31 69 69 8 8 32 32 29 29
 2 4 3 6 6 65 65 142 142
 2 5 6 117 117 39 39 122 122 53 53 128 128 116 116
 2 6 6 43 43 106 106 125 125 114 114 165 165 51 51
 2 7 4 56 56 80 80 46 46 3 3
 2 8 6 126 126 134 134 112 112 89 89 60 60 140 140
 2 9 6 75 75 40 40 135 135 70 70 91 91 146 146
 2 10 6 149 149 22 22 161 161 44 44 110 110 58 58
 2 11 5 127 127 41 41 13 13 11 11 124 124
 2 12 4 23 23 157 157 87 87 61 61
 2 13 6 151 151 20 20 19 19 81 81 158 158 118 118
 2 14 6 160 160 164 164 49 49 28 28 115 115 154 154
 2 15 5 92 92 129 129 33 33 1 1 166 166
 2 16 6 52 52 47 47 57 57 153 153 130 130 95 95
