.\0.9\train\R101606_0006_000.txt 10 16 6 858 858
 1 1 6 185 185 42 42 286 286 173 173 79 79 438 438
 1 2 6 766 766 725 725 162 162 184 184 563 563 611 611
 1 3 6 584 584 638 638 468 468 524 524 791 791 241 241
 1 4 6 625 625 830 830 476 476 588 588 500 500 586 586
 1 5 4 595 595 820 820 630 630 713 713
 1 6 6 403 403 591 591 632 632 99 99 541 541 353 353
 1 7 6 248 248 507 507 10 10 795 795 774 774 479 479
 1 8 5 37 37 573 573 18 18 508 508 843 843
 1 9 5 216 216 372 372 772 772 316 316 362 362
 1 10 6 205 205 598 598 464 464 672 672 336 336 391 391
 1 11 6 19 19 161 161 32 32 270 270 444 444 350 350
 1 12 3 268 268 664 664 559 559
 1 13 6 856 856 527 527 154 154 602 602 739 739 417 417
 1 14 6 296 296 339 339 295 295 108 108 537 537 640 640
 1 15 3 68 68 708 708 707 707
 1 16 6 780 780 835 835 812 812 53 53 577 577 799 799
 2 1 6 200 200 726 726 201 201 771 771 730 730 494 494
 2 2 6 530 530 302 302 617 617 137 137 779 779 440 440
 2 3 6 526 526 226 226 297 297 153 153 140 140 490 490
 2 4 6 17 17 536 536 854 854 414 414 397 397 383 383
 2 5 6 722 722 287 287 228 228 750 750 496 496 196 196
 2 6 6 405 405 293 293 255 255 619 619 51 51 471 471
 2 7 6 308 308 119 119 495 495 48 48 186 186 452 452
 2 8 6 457 457 398 398 334 334 30 30 178 178 358 358
 2 9 6 94 94 523 523 578 578 668 668 693 693 545 545
 2 10 6 235 235 502 502 424 424 155 155 519 519 110 110
 2 11 6 465 465 682 682 851 851 776 776 589 589 510 510
 2 12 5 324 324 307 307 27 27 416 416 727 727
 2 13 6 400 400 126 126 258 258 558 558 136 136 62 62
 2 14 6 827 827 220 220 728 728 571 571 793 793 144 144
 2 15 5 104 104 251 251 547 547 608 608 273 273
 2 16 6 697 697 390 390 446 446 359 359 349 349 636 636
 3 1 6 587 587 684 684 160 160 749 749 762 762 164 164
 3 2 6 833 833 705 705 581 581 355 355 370 370 801 801
 3 3 6 181 181 187 187 688 688 207 207 832 832 133 133
 3 4 6 711 711 491 491 81 81 544 544 542 542 143 143
 3 5 2 554 554 769 769
 3 6 6 59 59 33 33 767 767 675 675 428 428 802 802
 3 7 6 354 354 116 116 520 520 218 218 301 301 439 439
 3 8 6 112 112 368 368 518 518 58 58 469 469 237 237
 3 9 6 364 364 506 506 415 415 574 574 421 421 743 743
 3 10 6 826 826 434 434 681 681 170 170 659 659 839 839
 3 11 6 568 568 249 249 29 29 579 579 466 466 4 4
 3 12 4 311 311 450 450 214 214 695 695
 3 13 6 759 759 473 473 635 635 817 817 266 266 2 2
 3 14 6 678 678 264 264 670 670 453 453 552 552 419 419
 3 15 6 20 20 486 486 73 73 333 333 679 679 666 666
 3 16 6 669 669 87 87 386 386 66 66 580 580 498 498
 4 1 6 100 100 11 11 824 824 620 620 14 14 176 176
 4 2 6 528 528 322 322 227 227 326 326 521 521 379 379
 4 3 6 775 775 535 535 423 423 703 703 445 445 585 585
 4 4 5 102 102 327 327 109 109 262 262 254 254
 4 5 6 442 442 758 758 717 717 80 80 462 462 813 813
 4 6 3 566 566 239 239 790 790
 4 7 6 645 645 671 671 576 576 475 475 461 461 107 107
 4 8 0
 4 9 3 848 848 634 634 392 392
 4 10 6 340 340 810 810 606 606 399 399 751 751 380 380
 4 11 5 335 335 499 499 789 789 701 701 89 89
 4 12 6 553 553 784 784 52 52 291 291 612 612 492 492
 4 13 3 485 485 497 497 375 375
 4 14 6 360 360 639 639 135 135 493 493 760 760 430 430
 4 15 4 389 389 665 665 778 778 282 282
 4 16 6 409 409 783 783 146 146 90 90 564 564 731 731
 5 1 6 169 169 560 560 130 130 317 317 624 624 149 149
 5 2 4 129 129 455 455 764 764 454 454
 5 3 4 75 75 244 244 193 193 650 650
 5 4 6 330 330 596 596 259 259 183 183 823 823 292 292
 5 5 2 807 807 49 49
 5 6 6 314 314 615 615 167 167 74 74 522 522 91 91
 5 7 3 85 85 737 737 474 474
 5 8 6 723 723 517 517 67 67 704 704 222 222 410 410
 5 9 4 13 13 460 460 96 96 562 562
 5 10 6 734 734 215 215 484 484 93 93 142 142 683 683
 5 11 5 305 305 243 243 841 841 101 101 463 463
 5 12 4 321 321 555 555 315 315 232 232
 5 13 3 294 294 834 834 267 267
 5 14 6 407 407 206 206 174 174 436 436 70 70 406 406
 5 15 6 738 738 276 276 570 570 71 71 24 24 77 77
 5 16 5 105 105 125 125 39 39 50 50 456 456
 6 1 5 28 28 373 373 787 787 134 134 470 470
 6 2 6 328 328 21 21 367 367 290 290 329 329 538 538
 6 3 6 331 331 209 209 6 6 97 97 539 539 152 152
 6 4 6 798 798 278 278 748 748 565 565 745 745 448 448
 6 5 6 513 513 626 626 680 680 777 777 298 298 211 211
 6 6 6 231 231 686 686 175 175 393 393 337 337 43 43
 6 7 6 700 700 742 742 147 147 525 525 263 263 404 404
 6 8 6 88 88 691 691 272 272 583 583 575 575 633 633
 6 9 6 690 690 782 782 64 64 605 605 224 224 449 449
 6 10 6 593 593 238 238 124 124 318 318 825 825 482 482
 6 11 6 687 687 122 122 696 696 850 850 111 111 746 746
 6 12 6 788 788 800 800 694 694 47 47 233 233 163 163
 6 13 3 512 512 840 840 648 648
 6 14 6 656 656 846 846 408 408 481 481 663 663 36 36
 6 15 6 643 643 761 761 8 8 534 534 229 229 816 816
 6 16 6 177 177 821 821 511 511 189 189 529 529 786 786
 7 1 6 150 150 822 822 569 569 208 208 16 16 561 561
 7 2 6 435 435 103 103 365 365 148 148 139 139 433 433
 7 3 6 115 115 338 338 114 114 451 451 3 3 82 82
 7 4 5 352 352 7 7 230 230 31 31 661 661
 7 5 6 274 274 609 609 487 487 381 381 627 627 363 363
 7 6 6 12 12 858 858 269 269 458 458 366 366 46 46
 7 7 6 847 847 76 76 34 34 467 467 56 56 280 280
 7 8 6 732 732 844 844 622 622 319 319 396 396 515 515
 7 9 2 803 803 320 320
 7 10 6 805 805 40 40 546 546 770 770 628 628 857 857
 7 11 6 304 304 488 488 197 197 641 641 401 401 188 188
 7 12 6 300 300 603 603 815 815 54 54 250 250 597 597
 7 13 3 156 156 9 9 246 246
 7 14 5 781 781 756 756 853 853 572 572 5 5
 7 15 6 128 128 38 38 610 610 98 98 567 567 394 394
 7 16 6 601 601 285 285 26 26 236 236 213 213 299 299
 8 1 6 92 92 689 689 225 225 203 203 752 752 427 427
 8 2 6 289 289 141 141 132 132 662 662 265 265 599 599
 8 3 6 794 794 852 852 425 425 549 549 837 837 657 657
 8 4 6 120 120 343 343 35 35 533 533 345 345 219 219
 8 5 4 655 655 325 325 171 171 204 204
 8 6 6 83 83 740 740 699 699 531 531 849 849 503 503
 8 7 6 131 131 631 631 344 344 256 256 158 158 413 413
 8 8 6 504 504 855 855 332 332 721 721 842 842 540 540
 8 9 2 733 733 357 357
 8 10 6 600 600 706 706 792 792 532 532 190 190 667 667
 8 11 4 422 422 23 23 649 649 253 253
 8 12 6 709 709 607 607 281 281 642 642 172 172 811 811
 8 13 1 629 629
 8 14 4 429 429 192 192 785 785 202 202
 8 15 6 763 763 618 618 676 676 808 808 613 613 836 836
 8 16 5 804 804 72 72 166 166 437 437 145 145
 9 1 3 719 719 472 472 118 118
 9 2 6 371 371 818 818 382 382 348 348 509 509 69 69
 9 3 6 658 658 646 646 86 86 478 478 117 117 724 724
 9 4 6 651 651 710 710 809 809 385 385 356 356 768 768
 9 5 5 194 194 378 378 637 637 685 685 257 257
 9 6 6 127 127 369 369 674 674 284 284 673 673 720 720
 9 7 1 604 604
 9 8 6 402 402 361 361 347 347 432 432 223 223 592 592
 9 9 6 313 313 342 342 431 431 168 168 418 418 63 63
 9 10 3 245 245 22 22 819 819
 9 11 5 180 180 753 753 736 736 44 44 78 78
 9 12 6 395 395 447 447 516 516 113 113 159 159 845 845
 9 13 6 582 582 616 616 84 84 621 621 312 312 384 384
 9 14 6 411 411 712 712 614 614 45 45 212 212 217 217
 9 15 6 234 234 182 182 210 210 61 61 505 505 653 653
 9 16 6 483 483 199 199 829 829 698 698 138 138 501 501
 10 1 6 692 692 747 747 260 260 718 718 677 677 25 25
 10 2 6 716 716 623 623 1 1 550 550 831 831 729 729
 10 3 6 65 65 594 594 459 459 121 121 303 303 195 195
 10 4 6 179 179 351 351 556 556 477 477 275 275 288 288
 10 5 6 306 306 191 191 106 106 387 387 765 765 420 420
 10 6 6 242 242 310 310 412 412 279 279 543 543 247 247
 10 7 6 198 198 806 806 441 441 715 715 309 309 828 828
 10 8 5 654 654 221 221 797 797 755 755 652 652
 10 9 5 773 773 157 157 741 741 57 57 41 41
 10 10 6 647 647 744 744 660 660 702 702 838 838 271 271
 10 11 5 548 548 277 277 796 796 346 346 590 590
 10 12 6 376 376 754 754 165 165 252 252 95 95 443 443
 10 13 6 55 55 757 757 377 377 323 323 557 557 240 240
 10 14 6 514 514 714 714 480 480 489 489 15 15 426 426
 10 15 6 814 814 644 644 388 388 551 551 374 374 341 341
 10 16 6 735 735 151 151 283 283 60 60 123 123 261 261
