0 23611 23782 29 8 6 46 42 27 24 47 2 13 21 41 9 4 28 15 1 16 48 5 
1 23623 23771 29 18 25 27 14 38 23 36 41 31 42 2 6 44 20 0 16 34 33 9 
2 23623 23781 27 46 42 0 9 48 44 26 23 21 1 29 40 2 49 43 6 34 25 41 
3 23633 23790 18 2 20 34 1 27 48 4 42 46 3 6 40 16 12 9 14 26 38 13 
4 23634 23809 27 17 37 22 6 48 43 46 20 30 47 34 38 8 9 26 41 0 23 18 
5 23636 23844 2 35 23 9 43 27 14 38 12 20 13 49 42 29 6 8 11 36 18 25 
6 23629 23812 10 15 47 32 13 6 29 37 39 9 31 28 42 38 44 11 41 1 19 2 
7 23630 23823 44 5 18 28 7 11 39 37 38 29 46 42 9 49 43 41 22 33 2 13 
8 23628 23771 48 17 1 44 5 20 6 32 27 26 2 21 11 0 13 45 8 15 19 29 
9 23635 23859 38 21 45 31 13 8 43 11 35 32 18 39 36 1 28 27 37 2 48 47 
10 23639 23911 33 8 44 17 24 26 2 11 37 32 47 31 40 20 18 48 38 34 43 27 
11 23642 23830 20 44 43 23 13 42 4 31 45 1 2 14 11 18 39 28 38 7 21 34 
12 23642 23843 6 38 15 5 30 1 13 0 26 27 20 23 46 11 12 7 16 10 44 42 
13 23639 23766 41 6 48 31 14 26 42 30 0 20 1 34 45 18 46 11 36 32 37 9 
14 23620 23801 43 20 34 9 42 23 12 29 2 31 6 27 15 48 25 26 5 44 35 13 
15 23640 23773 44 20 17 31 1 6 4 45 26 2 38 42 34 30 36 46 21 35 15 41 
16 23635 23827 30 48 31 42 4 40 34 15 13 28 17 39 35 1 41 43 45 44 6 7 
17 23652 23801 10 48 0 12 23 20 44 27 43 15 36 18 29 2 5 14 47 42 41 28 
18 23604 23882 38 23 37 47 39 6 41 43 42 35 18 24 27 11 33 44 20 3 14 9 
19 23640 23806 21 22 1 42 10 29 44 36 16 35 33 23 49 6 28 17 18 48 30 26 
20 23624 23703 37 9 48 36 0 26 35 31 39 13 38 20 23 41 8 15 34 6 44 33 
21 23628 23833 2 29 35 42 34 49 11 22 20 44 46 27 30 16 47 21 48 1 43 12 
22 23630 23806 6 28 31 38 30 36 15 42 2 18 44 29 43 27 32 20 21 1 37 9 
23 23635 23807 9 37 8 6 46 43 25 34 44 5 47 1 22 30 42 45 28 7 31 15 
24 23645 23782 20 29 8 42 26 39 1 23 36 0 44 15 4 43 37 24 28 41 6 9 
25 23626 23824 24 2 17 10 35 6 41 5 18 1 29 44 45 32 37 15 39 42 21 13 
26 23638 23800 17 7 30 40 21 8 14 44 6 34 18 0 13 1 28 41 11 2 5 43 
27 23646 23836 25 16 27 42 14 2 6 34 36 33 49 30 24 20 35 17 21 44 47 8 
28 23636 23820 39 18 16 44 41 31 29 17 25 11 10 42 15 24 45 2 26 34 27 6 
29 23644 23800 30 27 8 23 42 47 43 41 26 6 1 9 3 5 44 19 22 12 13 11 
