0 12.7443 29 3 28 10 2 25 14 11 16 8 0 1 5 27 6 22 26 15 4 
1 12.7016 6 15 7 22 8 28 11 1 5 13 17 19 18 24 26 16 27 29 0 
2 12.7136 28 21 29 16 11 12 0 22 24 18 20 27 6 8 5 26 13 25 4 
3 12.7189 1 18 14 28 22 26 24 13 21 11 8 27 17 20 23 10 5 6 0 
4 12.7437 18 22 7 1 2 14 15 17 6 25 8 26 11 4 13 19 21 20 9 
5 12.6855 8 9 10 27 5 26 13 20 0 19 17 22 15 16 3 29 28 21 6 
6 12.7222 10 27 13 11 22 24 16 7 1 29 25 4 18 5 9 20 2 21 15 
7 12.6723 8 22 18 2 25 27 0 20 12 17 24 14 28 15 29 19 16 26 5 
8 12.7291 14 16 27 6 4 22 0 28 2 15 13 1 11 29 5 8 7 12 10 
9 12.5922 22 18 13 17 25 26 1 23 0 28 5 15 29 21 20 14 4 16 11 
10 12.7199 22 10 11 20 5 13 18 12 8 26 6 21 17 1 15 16 4 24 9 
11 12.7569 14 3 2 12 6 11 8 7 21 0 15 13 26 4 20 17 9 19 22 
12 12.7078 11 21 7 28 15 13 10 6 23 20 2 16 18 24 5 8 22 29 4 
13 12.7254 16 2 18 17 14 8 20 26 0 6 12 11 25 1 24 9 22 27 15 
14 12.7198 28 1 15 7 22 23 9 8 0 2 25 29 26 11 18 13 21 20 17 
15 12.6775 3 7 29 26 25 10 17 5 0 14 19 27 22 21 13 15 2 8 18 
16 12.6486 1 16 28 0 14 17 27 22 19 20 26 13 25 21 10 6 5 9 29 
17 12.672 13 22 29 24 1 17 14 19 7 4 5 6 28 0 11 16 26 21 8 
18 12.6636 11 24 25 3 21 23 26 6 0 19 1 18 16 20 9 17 28 22 13 
19 12.7094 11 13 10 22 26 24 8 25 14 1 18 20 28 27 6 29 0 19 21 
20 12.7313 12 26 28 0 22 5 25 4 20 23 8 6 7 11 19 15 2 3 9 
21 12.6737 13 3 25 16 29 26 0 27 2 20 28 9 19 22 8 7 21 17 10 
22 12.7074 15 11 5 1 8 26 23 20 13 0 17 25 6 29 22 2 21 14 28 
23 12.706 27 25 8 6 17 0 23 22 28 5 14 9 4 10 11 1 15 26 20 
24 12.7196 7 28 8 17 11 26 13 4 15 22 21 19 20 5 14 29 12 3 9 
25 12.7225 20 25 8 12 10 1 14 29 11 6 28 22 21 23 5 0 16 15 2 
26 12.6807 3 17 18 21 16 14 25 6 7 29 8 27 11 9 15 2 4 24 22 
27 12.7268 13 14 20 15 17 1 7 3 27 28 0 22 25 26 11 23 19 21 24 
28 12.741 7 28 2 26 24 12 13 3 1 21 20 8 10 27 4 5 11 6 22 
29 12.7166 5 10 20 26 1 8 4 18 16 25 9 15 3 22 29 11 19 21 12 
