0 12.7116 1 5 27 16 20 23 25 7 29 22 6 26 0 21 
1 12.6891 8 12 10 4 9 29 15 22 0 28 11 26 20 25 
2 12.7259 4 12 2 7 18 25 22 0 13 27 19 3 15 29 
3 12.6918 3 0 26 22 5 7 6 27 21 17 13 12 11 16 
4 12.7459 18 0 6 12 9 29 22 19 27 8 16 4 15 13 
5 12.6603 11 8 27 28 3 6 1 29 22 26 9 0 13 19 
6 12.5888 17 22 26 28 13 8 9 19 21 11 1 5 2 0 
7 12.6613 11 26 2 6 19 28 15 24 29 8 13 22 5 1 
8 12.7363 17 18 6 14 9 7 24 21 4 29 11 22 15 28 
9 12.3303 0 26 29 17 8 2 16 27 5 1 13 22 28 19 
10 12.7265 21 27 26 7 17 19 29 16 5 13 18 22 12 9 
11 12.6502 19 0 15 28 20 17 14 3 1 26 11 27 21 22 
12 12.7059 6 26 12 29 5 28 21 9 0 4 19 13 18 22 
13 12.5534 28 17 16 6 22 29 19 0 15 1 21 27 26 25 
14 12.7176 0 12 22 21 26 17 7 28 16 8 2 29 19 6 
15 12.5895 20 2 28 29 21 14 27 0 15 17 13 19 6 26 
16 12.6355 29 19 13 23 9 0 28 20 22 15 17 21 11 14 
17 12.7099 8 16 2 19 26 22 24 18 15 25 0 5 7 20 
18 12.6711 6 26 22 1 5 10 14 7 16 20 15 27 0 29 
19 12.717 22 19 27 13 15 7 29 8 20 5 28 24 17 16 
20 12.6935 4 20 11 27 24 15 6 10 17 21 29 28 9 19 
21 12.7044 23 16 28 27 21 19 25 29 7 12 26 6 22 0 
22 12.7162 29 21 18 7 19 22 5 27 16 2 10 26 1 13 
23 12.5717 28 29 25 17 8 19 0 2 26 27 6 22 7 1 
24 12.6545 17 1 27 5 2 0 16 26 25 21 28 22 12 29 
25 12.6896 3 0 18 15 27 24 11 22 4 21 25 17 12 7 
26 12.6575 13 6 26 5 8 7 19 1 17 11 28 0 22 24 
27 12.5604 19 25 7 27 9 22 18 0 10 29 16 13 26 17 
28 12.6802 0 29 21 1 26 19 25 16 8 4 2 7 20 27 
29 12.7095 20 22 29 27 26 0 16 21 15 28 1 19 23 6 
