.\0.3\train\R041608_0008_000.txt 4 16 8 151 151
 1 1 2 8 8 128 128
 1 2 4 9 9 52 52 88 88 100 100
 1 3 2 38 38 119 119
 1 4 6 127 127 17 17 111 111 144 144 141 141 109 109
 1 5 1 41 41
 1 6 4 32 32 19 19 65 65 125 125
 1 7 1 31 31
 1 8 2 79 79 50 50
 1 9 2 74 74 18 18
 1 10 0
 1 11 2 142 142 33 33
 1 12 1 124 124
 1 13 1 30 30
 1 14 2 123 123 61 61
 1 15 1 42 42
 1 16 3 140 140 87 87 95 95
 2 1 0
 2 2 4 76 76 137 137 12 12 5 5
 2 3 3 49 49 150 150 1 1
 2 4 1 53 53
 2 5 1 68 68
 2 6 3 139 139 101 101 57 57
 2 7 1 25 25
 2 8 1 48 48
 2 9 4 11 11 145 145 26 26 81 81
 2 10 3 16 16 122 122 56 56
 2 11 4 114 114 29 29 138 138 97 97
 2 12 2 44 44 134 134
 2 13 3 51 51 143 143 24 24
 2 14 2 107 107 136 136
 2 15 4 110 110 130 130 90 90 23 23
 2 16 1 77 77
 3 1 2 121 121 3 3
 3 2 3 58 58 129 129 60 60
 3 3 1 92 92
 3 4 2 99 99 45 45
 3 5 4 151 151 147 147 82 82 105 105
 3 6 1 13 13
 3 7 5 113 113 6 6 84 84 117 117 70 70
 3 8 1 66 66
 3 9 3 80 80 132 132 148 148
 3 10 8 37 37 47 47 146 146 102 102 91 91 67 67 20 20 149 149
 3 11 2 72 72 120 120
 3 12 3 85 85 10 10 28 28
 3 13 3 59 59 83 83 75 75
 3 14 0
 3 15 3 69 69 73 73 64 64
 3 16 2 98 98 104 104
 4 1 1 22 22
 4 2 1 94 94
 4 3 2 4 4 2 2
 4 4 2 93 93 34 34
 4 5 2 14 14 116 116
 4 6 2 63 63 89 89
 4 7 1 40 40
 4 8 5 133 133 103 103 118 118 115 115 55 55
 4 9 3 36 36 78 78 96 96
 4 10 3 46 46 108 108 71 71
 4 11 4 35 35 39 39 112 112 21 21
 4 12 4 86 86 126 126 27 27 106 106
 4 13 2 54 54 131 131
 4 14 1 7 7
 4 15 1 62 62
 4 16 3 135 135 43 43 15 15
