.\0.3\train\R041608_0008_003.txt 4 16 8 151 151
 1 1 2 70 70 105 105
 1 2 2 104 104 24 24
 1 3 2 71 71 66 66
 1 4 0
 1 5 1 29 29
 1 6 0
 1 7 3 37 37 20 20 140 140
 1 8 4 17 17 76 76 83 83 111 111
 1 9 2 99 99 146 146
 1 10 4 123 123 129 129 127 127 68 68
 1 11 2 56 56 142 142
 1 12 4 6 6 13 13 22 22 91 91
 1 13 5 87 87 131 131 136 136 36 36 7 7
 1 14 3 32 32 74 74 139 139
 1 15 3 147 147 143 143 67 67
 1 16 1 98 98
 2 1 2 109 109 132 132
 2 2 0
 2 3 1 137 137
 2 4 2 72 72 26 26
 2 5 5 125 125 41 41 16 16 2 2 48 48
 2 6 6 150 150 61 61 50 50 25 25 93 93 57 57
 2 7 0
 2 8 2 141 141 1 1
 2 9 0
 2 10 1 89 89
 2 11 2 31 31 23 23
 2 12 2 11 11 122 122
 2 13 1 84 84
 2 14 2 100 100 110 110
 2 15 1 130 130
 2 16 2 75 75 42 42
 3 1 2 108 108 119 119
 3 2 2 90 90 8 8
 3 3 3 97 97 47 47 39 39
 3 4 3 94 94 95 95 144 144
 3 5 4 18 18 21 21 63 63 151 151
 3 6 1 49 49
 3 7 2 86 86 112 112
 3 8 0
 3 9 3 138 138 81 81 80 80
 3 10 2 60 60 45 45
 3 11 5 59 59 55 55 15 15 96 96 34 34
 3 12 4 115 115 85 85 64 64 5 5
 3 13 3 53 53 145 145 35 35
 3 14 3 88 88 118 118 62 62
 3 15 2 69 69 101 101
 3 16 6 116 116 4 4 113 113 12 12 58 58 103 103
 4 1 2 126 126 38 38
 4 2 3 148 148 73 73 46 46
 4 3 4 106 106 52 52 128 128 19 19
 4 4 3 40 40 43 43 27 27
 4 5 1 14 14
 4 6 3 33 33 78 78 135 135
 4 7 2 92 92 117 117
 4 8 1 44 44
 4 9 6 82 82 121 121 28 28 107 107 65 65 102 102
 4 10 1 77 77
 4 11 2 124 124 120 120
 4 12 3 30 30 134 134 54 54
 4 13 0
 4 14 2 133 133 10 10
 4 15 2 114 114 79 79
 4 16 4 9 9 51 51 149 149 3 3
