.\0.3\train\R041608_0008_001.txt 4 16 8 151 151
 1 1 1 151 151
 1 2 0
 1 3 4 146 146 15 15 62 62 113 113
 1 4 1 30 30
 1 5 4 28 28 51 51 109 109 4 4
 1 6 0
 1 7 4 117 117 131 131 8 8 3 3
 1 8 1 20 20
 1 9 2 1 1 91 91
 1 10 3 37 37 106 106 135 135
 1 11 0
 1 12 1 42 42
 1 13 3 36 36 89 89 130 130
 1 14 2 108 108 141 141
 1 15 1 48 48
 1 16 2 88 88 147 147
 2 1 3 119 119 74 74 121 121
 2 2 3 132 132 79 79 33 33
 2 3 1 58 58
 2 4 3 13 13 35 35 11 11
 2 5 3 104 104 38 38 125 125
 2 6 1 55 55
 2 7 2 52 52 66 66
 2 8 2 41 41 17 17
 2 9 4 129 129 139 139 61 61 111 111
 2 10 2 145 145 142 142
 2 11 2 107 107 70 70
 2 12 2 76 76 116 116
 2 13 3 84 84 59 59 67 67
 2 14 2 90 90 140 140
 2 15 3 54 54 39 39 68 68
 2 16 3 34 34 86 86 27 27
 3 1 3 18 18 150 150 114 114
 3 2 3 144 144 69 69 134 134
 3 3 1 133 133
 3 4 2 94 94 115 115
 3 5 3 19 19 25 25 122 122
 3 6 1 100 100
 3 7 4 14 14 65 65 32 32 78 78
 3 8 1 102 102
 3 9 4 112 112 95 95 138 138 97 97
 3 10 5 148 148 82 82 81 81 21 21 149 149
 3 11 0
 3 12 2 99 99 80 80
 3 13 0
 3 14 6 136 136 126 126 60 60 16 16 24 24 64 64
 3 15 3 87 87 10 10 43 43
 3 16 1 123 123
 4 1 3 9 9 85 85 101 101
 4 2 0
 4 3 7 44 44 31 31 98 98 143 143 96 96 83 83 53 53
 4 4 4 77 77 124 124 75 75 2 2
 4 5 2 93 93 72 72
 4 6 3 137 137 49 49 63 63
 4 7 3 12 12 26 26 110 110
 4 8 4 29 29 23 23 22 22 105 105
 4 9 0
 4 10 3 73 73 103 103 120 120
 4 11 4 46 46 5 5 128 128 6 6
 4 12 1 45 45
 4 13 3 40 40 118 118 57 57
 4 14 1 127 127
 4 15 2 71 71 7 7
 4 16 4 56 56 92 92 47 47 50 50
