0 12.5592 46 49 25 19 32 27 23 17 30 29 
1 12.7456 47 13 23 39 35 40 42 11 34 32 
2 12.5934 27 47 45 22 17 30 34 46 5 15 
3 12.6011 5 18 32 48 28 19 39 38 29 6 
4 12.745 10 5 27 29 39 22 14 30 15 32 
5 12.662 15 34 32 46 29 9 49 33 48 1 
6 12.5905 46 11 27 3 19 15 32 39 18 6 
7 12.6378 23 34 30 1 47 38 29 24 32 17 
8 12.4123 27 19 4 22 32 29 41 15 14 33 
9 12.8173 6 44 21 11 5 30 22 35 38 17 
10 12.6856 15 46 29 3 4 32 27 7 33 20 
11 12.7305 13 9 22 23 48 7 33 42 11 17 
12 12.6572 11 17 3 39 34 33 12 32 23 36 
13 12.7333 43 32 38 15 16 47 27 6 17 33 
14 12.7376 11 1 22 15 47 28 34 39 35 41 
15 12.6521 3 47 2 19 23 39 46 29 8 32 
16 12.5711 41 15 22 23 33 20 40 27 29 7 
17 12.739 11 32 24 46 15 7 23 28 36 8 
18 12.6219 21 33 32 41 4 20 6 17 22 13 
19 12.5839 29 18 35 14 47 2 33 32 17 46 
20 12.5082 38 32 14 47 13 22 29 39 5 33 
21 12.6145 6 11 30 9 12 45 39 22 34 31 
22 12.7248 14 6 33 19 46 29 42 31 38 34 
23 12.7545 17 31 29 46 14 1 13 27 4 32 
24 12.665 29 46 15 11 32 17 19 1 38 2 
25 12.7028 12 21 32 1 39 28 47 15 22 14 
26 12.6488 15 34 11 27 9 22 3 8 32 28 
27 12.7035 11 14 33 38 32 22 8 25 47 34 
28 12.5074 11 6 20 33 47 46 32 36 38 3 
29 12.622 6 8 44 47 11 46 30 21 17 34 
