0 12.6157 25 6 19 2 0 1 4 12 29 
1 12.6199 19 5 26 4 8 21 7 3 23 
2 12.5808 29 27 6 11 25 12 4 21 7 
3 12.5778 29 28 26 3 16 15 0 4 6 
4 12.687 29 7 1 4 28 23 0 21 8 
5 12.5937 16 8 7 3 15 0 21 26 4 
6 12.6519 21 28 19 8 4 25 14 9 12 
7 12.5877 12 15 14 23 16 4 29 21 19 
8 12.509 8 22 6 4 28 13 25 29 0 
9 12.5195 26 21 13 25 11 15 19 2 4 
10 12.531 19 8 6 3 2 28 4 18 29 
11 12.5447 25 7 4 10 23 21 3 19 29 
12 12.6125 3 7 28 4 25 22 8 19 24 
13 12.5795 13 21 4 16 26 28 29 9 19 
14 12.4835 1 4 2 27 7 16 21 29 15 
15 12.5585 25 19 12 4 23 3 2 29 17 
16 12.5278 11 15 21 25 4 16 27 19 8 
17 12.5458 21 6 0 28 17 3 26 4 8 
18 12.5658 16 25 6 21 8 4 14 22 29 
19 12.6263 29 9 1 0 4 19 7 18 6 
20 12.5879 27 6 18 25 21 5 29 4 7 
21 12.4599 11 13 0 21 4 15 17 19 18 
22 12.5278 4 29 16 13 19 2 28 0 21 
23 12.5672 28 17 4 0 14 13 23 8 26 
24 12.4287 13 8 29 28 19 9 21 25 4 
25 12.4449 22 4 29 8 6 16 18 3 0 
26 12.4557 0 21 23 7 25 3 29 17 4 
27 12.5793 17 1 15 8 4 29 23 16 6 
28 12.5434 12 16 21 4 8 29 19 9 17 
29 12.6059 15 2 8 26 1 19 7 27 11 
