0 13.0511 22 13 29 11 23 6 2 21 26 16 19 14 1 27 28 5 20 24 18 17 7 4 0 8 25 
1 13.0799 21 23 14 11 17 2 9 25 26 0 4 28 29 16 20 15 6 24 19 13 12 3 27 22 1 
2 13.1433 7 18 4 23 3 15 14 2 16 1 21 27 10 5 29 0 17 24 22 25 28 9 13 11 26 
3 13.0784 6 5 21 11 20 19 29 0 13 25 9 23 2 26 1 14 22 17 4 27 10 16 15 3 28 
4 13.0856 0 23 26 17 22 14 29 3 10 1 20 4 8 18 19 5 21 16 13 28 9 6 11 25 27 
5 13.0564 20 27 15 19 25 1 4 21 5 18 6 10 24 13 23 14 22 26 8 9 28 29 17 0 11 
6 13.0937 7 6 14 23 29 20 26 22 0 25 4 5 27 24 9 1 11 8 19 3 21 13 28 15 17 
7 13.1095 18 1 9 3 27 0 5 23 20 15 13 24 26 4 11 21 28 25 19 29 14 22 17 16 6 
8 13.0851 11 23 13 16 24 10 4 28 22 7 17 1 6 19 20 26 21 14 3 12 27 0 29 8 5 
9 13.1055 13 19 23 12 25 10 20 26 5 1 0 6 28 9 27 21 17 29 22 18 4 14 11 24 15 
10 13.051 11 25 1 13 17 3 18 7 14 21 5 26 20 29 28 27 0 23 6 16 4 8 15 19 22 
11 13.0281 22 25 0 1 20 9 6 4 7 14 24 26 28 29 2 17 11 13 27 3 16 21 19 15 23 
12 13.1149 3 10 22 20 14 11 2 0 4 13 5 8 15 19 21 6 17 29 27 1 7 26 23 28 24 
13 13.1236 6 19 8 9 3 25 14 22 4 21 0 28 27 17 2 13 20 1 5 18 29 11 23 26 16 
14 13.1394 17 10 26 21 9 27 7 6 5 24 13 20 28 1 23 0 15 12 22 14 2 16 18 4 29 
15 13.1108 17 12 5 27 25 21 15 23 6 11 1 28 19 13 22 0 7 26 20 14 4 24 18 16 29 
16 13.0696 4 27 0 11 17 1 23 13 29 28 22 14 6 15 8 2 26 20 25 7 19 3 9 24 21 
17 13.1014 20 26 24 11 0 28 22 3 15 18 13 19 5 1 6 23 17 9 29 21 2 25 10 27 4 
18 13.0807 17 5 24 2 10 1 25 4 27 21 28 22 26 19 15 20 23 29 11 3 14 13 18 16 6 
19 13.0856 26 1 4 9 3 0 23 21 8 28 25 14 13 6 10 16 19 11 27 29 22 20 17 5 18 
20 13.0947 28 21 13 11 20 14 0 29 17 18 8 6 5 1 23 16 22 10 19 27 24 12 3 26 4 
21 13.1146 3 23 25 26 5 13 4 0 28 14 12 21 29 1 20 17 6 19 15 18 11 22 7 16 27 
22 13.0704 24 21 1 9 20 17 19 8 12 11 26 5 4 25 22 28 14 16 29 23 10 13 27 6 0 
23 13.0475 23 15 3 16 28 13 21 17 14 22 18 0 11 4 27 26 5 25 1 8 19 7 24 6 29 
24 13.0899 21 11 12 20 1 26 23 16 7 28 3 13 27 22 4 5 17 15 14 25 29 6 19 2 0 
25 13.1109 13 23 19 3 5 0 14 1 28 20 4 25 29 11 8 21 16 26 9 27 6 17 18 15 22 
26 13.0566 16 26 28 18 4 13 10 27 1 22 21 6 20 5 25 14 3 2 23 17 29 11 0 19 8 
27 13.0396 2 4 14 21 23 11 28 7 6 27 0 24 8 19 17 20 29 22 18 26 1 15 25 13 5 
28 13.1169 9 17 4 15 21 5 28 23 7 29 19 27 20 22 6 25 26 2 11 13 1 0 14 24 12 
29 13.0693 7 3 8 24 13 0 22 28 17 21 20 5 11 26 27 16 4 6 14 23 18 29 19 10 1 
