0 12.4707 19 30 
1 12.679 32 3 
2 12.4707 30 19 
3 12.679 3 32 
4 12.4707 19 30 
5 12.4707 19 30 
6 12.4707 19 30 
7 12.7157 30 7 
8 12.679 3 32 
9 12.4707 30 19 
10 12.4707 19 30 
11 12.679 32 3 
12 12.679 3 32 
13 12.679 3 32 
14 12.679 32 3 
15 12.4707 19 30 
16 12.4707 19 30 
17 12.7304 1 18 
18 12.4707 30 19 
19 12.7081 30 42 
20 12.7081 30 42 
21 12.679 32 3 
22 12.7081 42 30 
23 12.679 3 32 
24 12.4707 19 30 
25 12.4707 19 30 
26 12.4707 30 19 
27 12.4707 19 30 
28 12.4707 30 19 
29 12.7081 30 42 
