0 12.4916 38 30 23 3 32 35 5 39 43 24 33 27 11 22 1 29 15 
1 12.8358 47 17 16 33 11 46 3 20 38 36 2 24 43 29 44 15 25 
2 12.8171 45 48 6 18 19 28 37 31 26 43 3 29 38 35 1 25 27 
3 12.8034 21 38 29 35 30 18 15 20 39 3 36 33 42 25 24 11 2 
4 12.8066 14 33 32 15 29 30 40 3 24 28 35 38 26 11 48 41 27 
5 12.6904 40 27 15 24 33 3 11 41 21 35 13 46 42 14 47 29 48 
6 12.8849 46 18 1 17 38 41 47 22 9 36 8 33 30 14 39 27 26 
7 12.6572 36 29 42 25 45 22 7 11 5 30 0 21 33 2 23 26 38 
8 12.791 46 43 27 25 6 15 22 35 33 32 11 20 17 29 39 21 9 
9 12.8877 16 48 46 15 8 47 2 44 9 39 12 6 38 11 43 25 0 
10 12.7634 31 33 5 24 47 32 21 48 38 46 1 29 3 6 36 39 15 
11 12.7809 47 30 26 43 25 33 17 29 13 8 15 32 24 21 3 27 45 
12 12.8937 42 7 49 43 23 32 28 26 6 40 35 2 0 25 33 21 11 
13 12.7687 5 29 45 36 27 44 35 17 46 41 4 33 22 6 28 24 38 
14 12.914 25 1 48 30 7 28 16 27 17 42 26 38 22 29 39 21 35 
15 12.6726 26 23 28 29 16 11 6 13 38 17 45 27 33 30 22 46 47 
16 12.9476 23 34 27 29 48 9 47 38 32 17 15 41 1 12 45 39 0 
17 12.8447 17 46 32 20 42 45 26 15 21 18 7 30 35 5 9 11 8 
18 12.6983 11 7 20 14 25 42 33 6 45 48 8 17 31 38 22 26 4 
19 12.8537 6 10 12 49 42 26 21 37 23 5 35 33 11 30 17 25 20 
20 12.8429 22 38 42 46 15 13 7 25 47 17 45 43 40 4 11 29 0 
21 12.7619 22 40 21 42 31 43 5 1 29 30 23 46 33 38 17 34 28 
22 12.7475 30 1 17 37 25 26 3 29 20 47 4 49 35 21 33 15 24 
23 12.7856 26 9 13 16 5 28 33 0 11 6 31 24 35 17 4 34 48 
24 12.8347 33 31 39 9 3 4 26 48 16 45 11 23 6 25 21 44 18 
25 12.8047 29 27 13 30 33 3 34 18 36 6 46 45 22 12 32 43 21 
26 12.8536 15 35 32 14 13 42 23 7 30 27 1 22 4 29 0 31 47 
27 12.7092 29 48 30 36 14 39 0 33 6 17 21 41 38 49 34 22 23 
28 12.7701 20 35 30 49 15 14 21 45 37 11 39 28 33 18 1 29 23 
29 12.8359 21 14 44 45 26 46 39 27 47 33 17 34 29 6 41 35 7 
