60 100
 172  174  146  158  147  159  99  137  102  168  167  109  0  0  0  0  0  0  0  0  0  0  0  0  0  0  0  0  0  0  0  0  0  0  0  0  0  0  0  0  0  0  0  0  0  0  0  0  0  0  0  0  0  0  0  0  0  0  0  0  0  0  0  0  0  0  0  0  0  0  0  0  0  0  0  0  0  0  0  0  0  0  0  0  0  0  0  0  0  0  0  0  0  0  0  0  0  0  0  0 
 117  139  105  87  137  66  137  91  133  106  135  105  0  0  0  0  0  0  0  0  0  0  0  0  0  0  0  0  0  0  0  0  0  0  0  0  0  0  0  0  0  0  0  0  0  0  0  0  0  0  0  0  0  0  0  0  0  0  0  0  0  0  0  0  0  0  0  0  0  0  0  0  0  0  0  0  0  0  0  0  0  0  0  0  0  0  0  0  0  0  0  0  0  0  0  0  0  0  0  0 
 15  104  43  76  96  70  84  78  102  64  27  43  0  0  0  0  0  0  0  0  0  0  0  0  0  0  0  0  0  0  0  0  0  0  0  0  0  0  0  0  0  0  0  0  0  0  0  0  0  0  0  0  0  0  0  0  0  0  0  0  0  0  0  0  0  0  0  0  0  0  0  0  0  0  0  0  0  0  0  0  0  0  0  0  0  0  0  0  0  0  0  0  0  0  0  0  0  0  0  0 
 206  217  232  221  208  170  183  215  170  197  174  197  0  0  0  0  0  0  0  0  0  0  0  0  0  0  0  0  0  0  0  0  0  0  0  0  0  0  0  0  0  0  0  0  0  0  0  0  0  0  0  0  0  0  0  0  0  0  0  0  0  0  0  0  0  0  0  0  0  0  0  0  0  0  0  0  0  0  0  0  0  0  0  0  0  0  0  0  0  0  0  0  0  0  0  0  0  0  0  0 
 236  134  140  167  162  118  220  211  186  144  196  152  0  0  0  0  0  0  0  0  0  0  0  0  0  0  0  0  0  0  0  0  0  0  0  0  0  0  0  0  0  0  0  0  0  0  0  0  0  0  0  0  0  0  0  0  0  0  0  0  0  0  0  0  0  0  0  0  0  0  0  0  0  0  0  0  0  0  0  0  0  0  0  0  0  0  0  0  0  0  0  0  0  0  0  0  0  0  0  0 
 329  463  455  432  399  318  342  420  385  430  486  425  408  339  349  447  366  478  356  272  424  473  384  348  353  0  0  0  0  0  0  0  0  0  0  0  0  0  0  0  0  0  0  0  0  0  0  0  0  0  0  0  0  0  0  0  0  0  0  0  0  0  0  0  0  0  0  0  0  0  0  0  0  0  0  0  0  0  0  0  0  0  0  0  0  0  0  0  0  0  0  0  0  0  0  0  0  0  0  0 
 212  176  177  131  231  253  276  232  223  225  277  147  200  233  209  223  258  209  207  210  182  274  242  248  218  0  0  0  0  0  0  0  0  0  0  0  0  0  0  0  0  0  0  0  0  0  0  0  0  0  0  0  0  0  0  0  0  0  0  0  0  0  0  0  0  0  0  0  0  0  0  0  0  0  0  0  0  0  0  0  0  0  0  0  0  0  0  0  0  0  0  0  0  0  0  0  0  0  0  0 
 461  426  430  231  268  243  427  350  441  452  271  476  275  428  357  365  441  450  341  335  472  349  487  213  277  0  0  0  0  0  0  0  0  0  0  0  0  0  0  0  0  0  0  0  0  0  0  0  0  0  0  0  0  0  0  0  0  0  0  0  0  0  0  0  0  0  0  0  0  0  0  0  0  0  0  0  0  0  0  0  0  0  0  0  0  0  0  0  0  0  0  0  0  0  0  0  0  0  0  0 
 201  174  410  108  259  173  226  406  269  133  222  257  141  297  287  155  330  357  316  338  232  170  172  301  191  0  0  0  0  0  0  0  0  0  0  0  0  0  0  0  0  0  0  0  0  0  0  0  0  0  0  0  0  0  0  0  0  0  0  0  0  0  0  0  0  0  0  0  0  0  0  0  0  0  0  0  0  0  0  0  0  0  0  0  0  0  0  0  0  0  0  0  0  0  0  0  0  0  0  0 
 282  334  182  360  231  104  115  169  292  123  189  330  270  108  121  109  144  209  132  327  235  361  237  252  248  0  0  0  0  0  0  0  0  0  0  0  0  0  0  0  0  0  0  0  0  0  0  0  0  0  0  0  0  0  0  0  0  0  0  0  0  0  0  0  0  0  0  0  0  0  0  0  0  0  0  0  0  0  0  0  0  0  0  0  0  0  0  0  0  0  0  0  0  0  0  0  0  0  0  0 
 172  491  282  456  147  339  214  493  131  350  267  400  392  81  251  410  169  139  218  455  495  519  258  322  212  138  457  164  133  388  124  396  87  298  298  223  253  473  322  461  422  458  308  520  347  117  373  382  542  382  0  0  0  0  0  0  0  0  0  0  0  0  0  0  0  0  0  0  0  0  0  0  0  0  0  0  0  0  0  0  0  0  0  0  0  0  0  0  0  0  0  0  0  0  0  0  0  0  0  0 
 508  569  752  546  568  504  699  630  643  587  586  414  612  607  736  417  612  524  437  572  685  688  723  616  484  691  721  473  514  761  611  628  605  715  585  700  439  625  515  493  733  560  584  635  615  509  671  733  735  514  0  0  0  0  0  0  0  0  0  0  0  0  0  0  0  0  0  0  0  0  0  0  0  0  0  0  0  0  0  0  0  0  0  0  0  0  0  0  0  0  0  0  0  0  0  0  0  0  0  0 
 238  569  610  531  596  554  331  432  430  547  386  276  591  529  554  671  497  412  441  378  519  607  621  451  255  355  523  451  567  597  444  371  595  536  139  134  608  358  559  634  491  349  461  331  477  428  617  517  284  332  0  0  0  0  0  0  0  0  0  0  0  0  0  0  0  0  0  0  0  0  0  0  0  0  0  0  0  0  0  0  0  0  0  0  0  0  0  0  0  0  0  0  0  0  0  0  0  0  0  0 
 139  541  361  322  152  175  204  477  114  72  289  247  374  386  371  324  47  329  191  334  371  483  409  176  420  117  374  290  316  441  91  442  339  159  30  30  316  27  416  309  389  499  188  302  207  373  428  457  250  179  0  0  0  0  0  0  0  0  0  0  0  0  0  0  0  0  0  0  0  0  0  0  0  0  0  0  0  0  0  0  0  0  0  0  0  0  0  0  0  0  0  0  0  0  0  0  0  0  0  0 
 606  743  309  868  837  712  739  352  746  593  690  803  182  575  772  858  466  771  519  634  474  360  255  500  833  593  491  685  419  455  427  790  526  796  447  762  494  573  573  687  634  732  783  801  661  557  785  714  604  570  0  0  0  0  0  0  0  0  0  0  0  0  0  0  0  0  0  0  0  0  0  0  0  0  0  0  0  0  0  0  0  0  0  0  0  0  0  0  0  0  0  0  0  0  0  0  0  0  0  0 
 1518  818  1286  1348  871  1155  996  1196  1324  1316  1063  967  1227  1406  1365  1290  1160  1266  1565  1160  1165  1110  1514  1187  1314  1400  1185  1032  1493  1388  913  1357  1444  1518  1298  1420  1519  1191  994  1183  1259  1417  1374  1412  1435  1392  1386  1327  1539  1311  1526  1136  1255  1279  1136  1402  1117  990  1492  1332  844  1522  1147  1179  1501  1220  1153  1481  1554  1136  1452  1396  1424  927  1283  1245  1227  1455  1143  1380  1350  1298  1125  881  1346  1227  1518  1456  1059  721  1445  1522  1113  1227  1093  1395  953  1279  787  961 
 918  754  1136  1185  1081  800  539  808  590  1251  1126  1036  879  922  750  1083  841  1043  466  1118  1015  1037  1186  727  687  957  1073  894  704  763  1230  788  887  1096  1266  886  868  1216  558  507  561  1171  1025  965  1171  725  1213  1181  1120  694  694  1177  884  351  1142  553  990  903  1208  435  868  696  977  1029  1235  810  676  553  1019  1191  856  758  1197  958  896  1149  1195  1070  801  750  771  775  1079  831  981  752  1193  1162  818  693  1061  853  570  626  945  595  1220  817  1182  868 
 502  510  606  811  371  644  738  578  602  93  527  389  819  265  390  459  942  947  482  1073  917  233  886  344  868  214  809  292  739  1099  645  352  561  1053  877  907  224  335  525  635  999  592  975  866  407  793  392  931  857  929  947  1196  835  909  650  763  430  1051  557  946  636  898  546  725  1083  704  447  897  367  583  519  376  370  934  936  433  1185  643  530  606  661  916  890  729  888  763  749  718  320  1044  596  800  861  947  851  360  868  774  435  686 
 1031  1251  416  998  299  493  777  1135  614  869  349  335  716  1029  439  404  917  258  843  300  565  1211  1035  841  625  862  503  1211  966  591  1105  643  830  436  97  854  1091  635  441  584  837  775  823  797  673  634  803  56  1035  794  332  710  894  1233  1043  662  709  613  1042  1022  1027  1106  361  531  1011  723  741  790  125  1307  1015  305  574  767  790  1054  1190  1278  1107  1175  505  980  706  990  873  1137  698  1164  653  424  146  1012  922  292  1172  1276  14  765  716  642 
 1336  2176  1293  1816  2121  1513  1168  2199  2143  2250  2342  1434  2293  1625  2224  2099  2206  1845  2173  1460  1503  1924  1027  2072  2138  2216  2183  1422  2138  966  1871  1387  1820  2049  1091  1328  914  2267  2313  1359  1228  1621  1729  1692  1989  2229  1576  1341  2079  2045  1229  1566  1082  1452  1430  2182  2197  1476  1912  2006  1435  1640  1785  1852  2139  2239  1821  1741  2059  1459  1075  2292  2118  1352  2371  2226  1111  1373  1616  1228  1723  2123  1602  1302  1576  1176  2269  1446  1084  1701  1729  1268  1821  1559  1989  1593  1703  1418  1577  2422 
 83  98  88  93  102  91  72  93  79  97  102  79  0  0  0  0  0  0  0  0  0  0  0  0  0  0  0  0  0  0  0  0  0  0  0  0  0  0  0  0  0  0  0  0  0  0  0  0  0  0  0  0  0  0  0  0  0  0  0  0  0  0  0  0  0  0  0  0  0  0  0  0  0  0  0  0  0  0  0  0  0  0  0  0  0  0  0  0  0  0  0  0  0  0  0  0  0  0  0  0 
 65  65  62  59  71  73  76  73  73  61  66  60  0  0  0  0  0  0  0  0  0  0  0  0  0  0  0  0  0  0  0  0  0  0  0  0  0  0  0  0  0  0  0  0  0  0  0  0  0  0  0  0  0  0  0  0  0  0  0  0  0  0  0  0  0  0  0  0  0  0  0  0  0  0  0  0  0  0  0  0  0  0  0  0  0  0  0  0  0  0  0  0  0  0  0  0  0  0  0  0 
 23  16  42  15  10  49  28  61  45  52  17  62  0  0  0  0  0  0  0  0  0  0  0  0  0  0  0  0  0  0  0  0  0  0  0  0  0  0  0  0  0  0  0  0  0  0  0  0  0  0  0  0  0  0  0  0  0  0  0  0  0  0  0  0  0  0  0  0  0  0  0  0  0  0  0  0  0  0  0  0  0  0  0  0  0  0  0  0  0  0  0  0  0  0  0  0  0  0  0  0 
 98  75  94  97  86  120  73  77  120  89  104  115  0  0  0  0  0  0  0  0  0  0  0  0  0  0  0  0  0  0  0  0  0  0  0  0  0  0  0  0  0  0  0  0  0  0  0  0  0  0  0  0  0  0  0  0  0  0  0  0  0  0  0  0  0  0  0  0  0  0  0  0  0  0  0  0  0  0  0  0  0  0  0  0  0  0  0  0  0  0  0  0  0  0  0  0  0  0  0  0 
 60  53  43  22  11  46  8  22  36  48  13  58  0  0  0  0  0  0  0  0  0  0  0  0  0  0  0  0  0  0  0  0  0  0  0  0  0  0  0  0  0  0  0  0  0  0  0  0  0  0  0  0  0  0  0  0  0  0  0  0  0  0  0  0  0  0  0  0  0  0  0  0  0  0  0  0  0  0  0  0  0  0  0  0  0  0  0  0  0  0  0  0  0  0  0  0  0  0  0  0 
 121  114  96  135  129  121  102  135  95  95  93  65  124  120  84  160  152  141  110  113  161  148  86  64  129  0  0  0  0  0  0  0  0  0  0  0  0  0  0  0  0  0  0  0  0  0  0  0  0  0  0  0  0  0  0  0  0  0  0  0  0  0  0  0  0  0  0  0  0  0  0  0  0  0  0  0  0  0  0  0  0  0  0  0  0  0  0  0  0  0  0  0  0  0  0  0  0  0  0  0 
 89  81  54  53  113  74  42  149  116  129  115  122  105  69  36  103  114  49  82  56  101  122  86  34  88  0  0  0  0  0  0  0  0  0  0  0  0  0  0  0  0  0  0  0  0  0  0  0  0  0  0  0  0  0  0  0  0  0  0  0  0  0  0  0  0  0  0  0  0  0  0  0  0  0  0  0  0  0  0  0  0  0  0  0  0  0  0  0  0  0  0  0  0  0  0  0  0  0  0  0 
 92  71  25  108  107  88  80  134  50  132  30  44  100  139  121  119  107  88  79  73  127  109  107  75  104  0  0  0  0  0  0  0  0  0  0  0  0  0  0  0  0  0  0  0  0  0  0  0  0  0  0  0  0  0  0  0  0  0  0  0  0  0  0  0  0  0  0  0  0  0  0  0  0  0  0  0  0  0  0  0  0  0  0  0  0  0  0  0  0  0  0  0  0  0  0  0  0  0  0  0 
 186  230  227  69  210  171  64  193  218  72  146  99  171  202  198  216  212  195  146  196  216  228  235  186  216  0  0  0  0  0  0  0  0  0  0  0  0  0  0  0  0  0  0  0  0  0  0  0  0  0  0  0  0  0  0  0  0  0  0  0  0  0  0  0  0  0  0  0  0  0  0  0  0  0  0  0  0  0  0  0  0  0  0  0  0  0  0  0  0  0  0  0  0  0  0  0  0  0  0  0 
 52  52  217  149  197  72  165  222  227  164  106  159  169  163  106  225  208  207  48  95  186  109  93  74  196  0  0  0  0  0  0  0  0  0  0  0  0  0  0  0  0  0  0  0  0  0  0  0  0  0  0  0  0  0  0  0  0  0  0  0  0  0  0  0  0  0  0  0  0  0  0  0  0  0  0  0  0  0  0  0  0  0  0  0  0  0  0  0  0  0  0  0  0  0  0  0  0  0  0  0 
 389  290  311  293  335  302  313  374  330  399  339  340  326  385  313  350  314  397  329  390  349  360  340  393  349  374  329  306  292  354  306  256  394  333  331  362  367  392  376  376  372  328  280  342  271  365  313  349  391  297  0  0  0  0  0  0  0  0  0  0  0  0  0  0  0  0  0  0  0  0  0  0  0  0  0  0  0  0  0  0  0  0  0  0  0  0  0  0  0  0  0  0  0  0  0  0  0  0  0  0 
 276  384  155  205  342  248  327  364  328  172  286  294  351  211  382  308  374  380  314  184  346  232  345  200  392  332  205  296  230  359  350  357  220  351  157  347  390  286  341  341  180  298  268  234  378  387  232  364  300  330  0  0  0  0  0  0  0  0  0  0  0  0  0  0  0  0  0  0  0  0  0  0  0  0  0  0  0  0  0  0  0  0  0  0  0  0  0  0  0  0  0  0  0  0  0  0  0  0  0  0 
 275  280  219  134  250  194  137  240  134  299  274  150  138  173  220  269  195  256  228  253  186  276  247  251  137  297  165  210  242  171  244  204  146  175  256  287  248  303  250  242  257  143  146  209  241  249  252  247  184  201  0  0  0  0  0  0  0  0  0  0  0  0  0  0  0  0  0  0  0  0  0  0  0  0  0  0  0  0  0  0  0  0  0  0  0  0  0  0  0  0  0  0  0  0  0  0  0  0  0  0 
 173  146  167  224  250  150  232  254  147  241  219  56  139  205  237  278  166  274  152  301  97  122  193  149  221  154  116  142  161  183  131  206  248  171  212  215  265  54  148  233  62  176  139  208  75  69  156  40  80  202  0  0  0  0  0  0  0  0  0  0  0  0  0  0  0  0  0  0  0  0  0  0  0  0  0  0  0  0  0  0  0  0  0  0  0  0  0  0  0  0  0  0  0  0  0  0  0  0  0  0 
 514  474  480  428  380  475  474  360  400  408  457  387  374  416  346  416  407  389  377  511  514  465  378  398  513  433  430  495  489  423  420  325  445  364  363  439  485  311  463  377  515  454  424  489  397  349  406  467  336  316  0  0  0  0  0  0  0  0  0  0  0  0  0  0  0  0  0  0  0  0  0  0  0  0  0  0  0  0  0  0  0  0  0  0  0  0  0  0  0  0  0  0  0  0  0  0  0  0  0  0 
 623  725  671  788  629  491  776  784  686  759  649  642  724  733  632  544  583  746  740  644  651  635  737  768  765  595  637  752  766  737  677  586  665  729  706  701  683  718  659  669  615  576  784  746  727  711  598  566  719  681  542  702  612  634  612  779  782  627  633  787  745  518  617  643  674  653  738  733  629  612  555  676  778  673  527  674  733  560  629  634  774  699  771  633  675  605  684  724  784  661  621  566  695  642  545  751  604  668  730  700 
 497  412  220  363  173  534  390  453  351  273  150  245  170  307  488  303  399  56  356  160  471  171  139  319  73  334  287  362  517  380  494  462  113  379  583  201  214  373  277  186  286  248  527  530  361  279  476  528  299  191  349  419  333  471  476  200  538  393  524  212  441  330  417  374  584  449  540  348  377  161  439  437  228  353  457  139  382  412  362  391  259  86  352  549  217  294  356  459  142  341  187  244  389  436  240  323  380  47  86  327 
 253  421  233  296  206  426  306  451  234  188  497  559  355  392  421  421  195  440  275  374  399  299  232  335  397  449  191  151  317  314  269  410  146  212  256  423  479  256  341  493  339  349  498  380  405  352  331  219  268  250  140  421  258  272  308  480  549  447  305  461  101  348  483  503  69  42  125  402  53  396  411  263  494  236  363  374  348  359  479  530  328  432  382  439  434  235  232  404  397  513  249  471  422  519  342  472  486  310  305  107 
 496  754  588  560  648  780  741  430  613  661  575  764  514  714  539  378  785  572  691  646  730  605  595  703  677  308  522  577  411  758  725  680  675  526  434  438  664  756  531  492  647  573  351  534  773  632  620  525  771  672  605  796  622  567  355  715  674  599  425  637  696  400  365  625  433  625  717  673  396  629  574  771  763  713  652  534  693  747  507  615  503  667  643  704  561  550  605  710  559  424  644  421  607  350  513  738  774  663  658  653 
 103  552  525  349  242  579  662  484  331  492  307  427  510  595  131  432  612  110  98  188  215  195  415  354  540  294  330  477  507  437  193  105  296  425  588  326  424  659  453  432  174  367  356  99  562  530  47  295  645  590  445  61  416  544  360  569  258  574  385  414  385  263  622  557  324  249  507  194  35  241  373  534  379  120  607  248  409  325  351  282  621  402  200  173  454  511  402  415  191  46  155  376  436  111  306  292  138  404  306  295 
 71  39  39  41  16  20  31  64  12  35  52  71  53  72  75  74  62  64  85  66  49  10  44  60  18  0  0  0  0  0  0  0  0  0  0  0  0  0  0  0  0  0  0  0  0  0  0  0  0  0  0  0  0  0  0  0  0  0  0  0  0  0  0  0  0  0  0  0  0  0  0  0  0  0  0  0  0  0  0  0  0  0  0  0  0  0  0  0  0  0  0  0  0  0  0  0  0  0  0  0 
 72  97  50  84  69  58  68  83  42  57  69  97  90  89  89  37  60  73  95  99  74  86  99  65  87  0  0  0  0  0  0  0  0  0  0  0  0  0  0  0  0  0  0  0  0  0  0  0  0  0  0  0  0  0  0  0  0  0  0  0  0  0  0  0  0  0  0  0  0  0  0  0  0  0  0  0  0  0  0  0  0  0  0  0  0  0  0  0  0  0  0  0  0  0  0  0  0  0  0  0 
 78  53  81  49  30  41  46  48  67  38  84  45  80  62  77  56  42  81  34  43  81  74  63  75  40  0  0  0  0  0  0  0  0  0  0  0  0  0  0  0  0  0  0  0  0  0  0  0  0  0  0  0  0  0  0  0  0  0  0  0  0  0  0  0  0  0  0  0  0  0  0  0  0  0  0  0  0  0  0  0  0  0  0  0  0  0  0  0  0  0  0  0  0  0  0  0  0  0  0  0 
 87  110  93  80  77  66  64  73  81  98  71  111  104  84  107  86  97  90  94  90  91  108  97  100  84  0  0  0  0  0  0  0  0  0  0  0  0  0  0  0  0  0  0  0  0  0  0  0  0  0  0  0  0  0  0  0  0  0  0  0  0  0  0  0  0  0  0  0  0  0  0  0  0  0  0  0  0  0  0  0  0  0  0  0  0  0  0  0  0  0  0  0  0  0  0  0  0  0  0  0 
 91  64  71  102  68  117  107  88  95  100  91  107  63  102  93  89  98  60  79  84  86  73  103  98  73  0  0  0  0  0  0  0  0  0  0  0  0  0  0  0  0  0  0  0  0  0  0  0  0  0  0  0  0  0  0  0  0  0  0  0  0  0  0  0  0  0  0  0  0  0  0  0  0  0  0  0  0  0  0  0  0  0  0  0  0  0  0  0  0  0  0  0  0  0  0  0  0  0  0  0 
 124  100  99  96  93  103  85  124  94  97  106  75  124  101  80  122  96  113  75  122  78  93  77  124  105  0  0  0  0  0  0  0  0  0  0  0  0  0  0  0  0  0  0  0  0  0  0  0  0  0  0  0  0  0  0  0  0  0  0  0  0  0  0  0  0  0  0  0  0  0  0  0  0  0  0  0  0  0  0  0  0  0  0  0  0  0  0  0  0  0  0  0  0  0  0  0  0  0  0  0 
 94  118  100  79  62  72  63  65  92  76  81  86  94  124  75  112  107  97  127  78  102  119  43  87  89  0  0  0  0  0  0  0  0  0  0  0  0  0  0  0  0  0  0  0  0  0  0  0  0  0  0  0  0  0  0  0  0  0  0  0  0  0  0  0  0  0  0  0  0  0  0  0  0  0  0  0  0  0  0  0  0  0  0  0  0  0  0  0  0  0  0  0  0  0  0  0  0  0  0  0 
 109  116  100  109  148  123  112  123  157  146  107  141  147  141  86  90  129  137  124  83  144  144  116  149  93  0  0  0  0  0  0  0  0  0  0  0  0  0  0  0  0  0  0  0  0  0  0  0  0  0  0  0  0  0  0  0  0  0  0  0  0  0  0  0  0  0  0  0  0  0  0  0  0  0  0  0  0  0  0  0  0  0  0  0  0  0  0  0  0  0  0  0  0  0  0  0  0  0  0  0 
 40  43  51  21  55  39  8  15  36  61  59  68  87  32  43  82  101  62  41  54  60  7  59  87  34  0  0  0  0  0  0  0  0  0  0  0  0  0  0  0  0  0  0  0  0  0  0  0  0  0  0  0  0  0  0  0  0  0  0  0  0  0  0  0  0  0  0  0  0  0  0  0  0  0  0  0  0  0  0  0  0  0  0  0  0  0  0  0  0  0  0  0  0  0  0  0  0  0  0  0 
 66  14  61  59  16  48  107  67  105  86  76  72  92  92  74  42  16  50  97  109  51  110  20  78  111  0  0  0  0  0  0  0  0  0  0  0  0  0  0  0  0  0  0  0  0  0  0  0  0  0  0  0  0  0  0  0  0  0  0  0  0  0  0  0  0  0  0  0  0  0  0  0  0  0  0  0  0  0  0  0  0  0  0  0  0  0  0  0  0  0  0  0  0  0  0  0  0  0  0  0 
 140  139  161  56  166  150  155  179  154  102  174  167  127  160  149  148  108  151  147  177  76  61  142  131  168  106  85  151  179  104  185  105  189  119  146  158  153  90  169  169  155  81  87  141  177  178  168  196  116  149  0  0  0  0  0  0  0  0  0  0  0  0  0  0  0  0  0  0  0  0  0  0  0  0  0  0  0  0  0  0  0  0  0  0  0  0  0  0  0  0  0  0  0  0  0  0  0  0  0  0 
 186  178  133  159  198  188  202  187  112  218  184  149  186  174  171  183  171  182  198  198  165  201  132  203  126  210  173  215  195  206  156  172  204  165  198  166  118  172  207  176  180  152  177  206  142  138  172  208  216  196  0  0  0  0  0  0  0  0  0  0  0  0  0  0  0  0  0  0  0  0  0  0  0  0  0  0  0  0  0  0  0  0  0  0  0  0  0  0  0  0  0  0  0  0  0  0  0  0  0  0 
 187  157  200  134  196  214  192  202  196  215  152  166  134  182  155  202  214  212  197  202  210  136  209  137  214  135  119  102  149  161  179  180  139  148  167  152  168  200  186  170  162  192  185  183  196  201  128  142  130  157  0  0  0  0  0  0  0  0  0  0  0  0  0  0  0  0  0  0  0  0  0  0  0  0  0  0  0  0  0  0  0  0  0  0  0  0  0  0  0  0  0  0  0  0  0  0  0  0  0  0 
 177  173  201  237  216  240  151  227  199  262  262  245  221  190  201  227  230  239  261  208  198  258  242  209  174  182  245  197  244  187  251  251  209  174  227  246  200  184  257  165  206  259  153  165  180  252  186  219  233  172  0  0  0  0  0  0  0  0  0  0  0  0  0  0  0  0  0  0  0  0  0  0  0  0  0  0  0  0  0  0  0  0  0  0  0  0  0  0  0  0  0  0  0  0  0  0  0  0  0  0 
 195  228  149  109  131  219  174  180  221  210  207  82  175  179  148  195  171  224  156  143  146  144  114  210  143  98  190  175  155  154  213  171  108  124  223  136  216  132  219  193  201  205  219  187  180  202  167  129  216  188  0  0  0  0  0  0  0  0  0  0  0  0  0  0  0  0  0  0  0  0  0  0  0  0  0  0  0  0  0  0  0  0  0  0  0  0  0  0  0  0  0  0  0  0  0  0  0  0  0  0 
 394  437  398  523  450  538  406  480  397  502  511  519  529  465  378  514  525  349  453  357  314  437  462  425  537  520  464  385  329  432  356  409  401  364  385  439  536  443  420  519  444  444  415  493  356  409  441  335  332  476  345  388  451  492  543  553  514  350  490  484  399  538  537  476  355  369  429  426  288  420  553  382  434  425  501  489  513  518  483  442  437  432  428  400  375  416  548  283  351  372  491  401  377  433  393  376  381  352  381  388 
 373  281  369  387  353  197  303  230  331  109  310  434  472  230  200  263  295  375  451  453  470  351  355  258  465  483  452  237  416  429  265  261  408  371  316  205  418  418  409  418  162  350  360  485  355  473  373  405  287  225  370  399  392  386  146  436  273  494  221  335  281  431  268  487  161  351  357  398  391  434  405  263  212  161  391  198  279  349  239  274  486  257  246  407  207  433  377  429  435  289  263  496  448  500  449  459  183  156  381  263 
 86  196  68  48  274  181  282  400  159  305  378  210  216  392  275  84  249  291  354  343  114  398  312  240  332  227  140  219  236  352  211  100  289  156  117  360  416  395  272  339  361  232  179  138  191  250  292  360  250  402  409  232  186  290  330  74  242  308  394  292  422  257  384  178  370  280  358  169  396  310  235  373  118  234  251  337  173  281  282  158  397  6  304  273  312  32  136  280  420  216  176  389  261  242  375  301  262  170  192  205 
 257  377  295  168  432  149  454  524  219  283  403  427  499  371  450  325  196  297  229  296  339  287  296  93  427  468  109  236  542  543  342  477  451  448  327  289  519  229  338  281  543  420  369  500  211  429  545  382  375  370  381  307  447  253  312  542  85  174  524  140  484  376  548  559  187  285  303  259  293  400  383  227  548  246  243  290  439  255  331  177  448  373  340  230  184  331  230  307  172  244  354  479  518  340  112  231  438  431  242  229 
 472  308  603  495  577  378  449  443  511  221  242  478  397  390  537  507  631  303  543  511  455  274  454  288  489  495  303  557  442  205  251  492  590  521  503  258  443  430  441  619  408  592  262  279  288  622  525  204  499  466  266  592  260  351  572  315  353  459  539  415  574  544  418  481  507  416  345  391  416  573  445  572  581  633  539  301  529  508  638  255  443  528  481  393  551  339  228  607  230  482  299  327  519  291  453  292  409  357  520  491 
