0 13.1719 36 32 30 1 13 27 24 12 39 8 20 34 31 28 37 40 49 44 14 5 29 6 21 3 42 9 17 7 47 18 46 4 48 15 22 41 2 38 16 26 
1 13.164 18 20 32 27 47 19 39 40 31 25 48 0 45 16 36 46 43 4 34 14 7 11 23 5 41 44 15 3 9 13 35 12 49 17 8 33 6 22 29 30 
2 13.1442 44 48 32 34 24 3 8 39 11 28 21 15 38 17 41 36 37 29 47 16 46 26 45 20 33 30 2 6 43 0 22 10 7 9 4 31 14 19 42 35 
3 13.1755 27 48 16 30 17 41 21 4 15 34 29 9 35 42 22 19 46 33 6 43 18 39 44 38 14 8 7 1 10 11 23 2 20 36 25 28 47 45 13 32 
4 13.1991 20 43 7 12 49 34 1 9 24 5 36 28 21 38 42 15 22 29 47 48 46 44 45 41 40 17 31 4 39 16 35 14 33 32 26 3 25 30 6 19 
5 13.1779 9 21 12 16 39 29 48 2 31 15 42 46 3 17 37 32 26 7 30 33 22 18 27 45 11 13 25 8 20 43 40 6 19 10 36 0 14 28 35 5 
6 13.195 33 40 46 38 4 1 5 27 25 6 26 39 24 17 9 45 14 32 15 8 20 22 34 44 13 30 7 21 36 0 49 12 10 28 31 16 29 18 19 23 
7 13.1974 27 45 9 14 20 29 11 39 7 0 41 15 46 12 24 31 16 10 18 48 49 13 5 2 3 8 6 21 43 17 47 25 30 4 42 40 23 28 32 22 
8 13.1637 11 14 3 46 2 26 17 38 27 22 18 16 6 19 13 30 9 33 44 25 35 32 40 7 39 49 12 15 8 43 10 29 42 5 47 20 37 45 23 28 
9 13.1913 31 32 10 19 46 1 39 34 3 27 9 17 20 2 38 47 8 13 48 28 11 0 49 23 45 5 37 33 43 14 30 26 18 41 24 15 7 25 21 42 
10 13.161 11 48 39 24 49 30 34 17 4 0 46 43 40 10 18 2 8 16 45 3 47 36 15 22 6 29 12 20 44 27 28 41 33 25 5 38 14 13 31 7 
11 13.1656 38 1 42 13 40 39 22 15 36 46 21 17 23 25 24 27 8 35 28 11 7 9 19 31 34 32 14 2 44 43 47 12 10 18 45 6 49 4 48 29 
12 13.1818 46 24 43 7 21 18 30 28 10 38 34 9 44 3 15 41 20 6 19 5 11 37 31 33 2 17 12 22 48 45 29 42 47 35 39 27 14 8 49 26 
13 13.1831 4 21 30 32 10 27 49 28 9 47 5 14 17 18 34 12 44 37 33 35 6 16 7 39 42 26 19 36 29 46 22 23 24 15 8 1 43 3 45 20 
14 13.1896 40 19 32 42 22 18 21 35 37 3 31 33 0 5 38 49 4 2 24 28 1 14 13 29 12 27 43 26 47 34 39 46 11 44 6 16 10 15 36 8 
15 13.1801 46 36 29 7 27 49 3 45 19 35 2 39 25 4 6 0 26 22 37 18 9 47 31 16 11 38 41 33 48 32 24 43 28 21 1 20 14 10 15 5 
16 13.1621 27 14 41 48 19 22 40 5 9 30 4 17 0 34 35 23 15 25 45 21 6 13 46 42 39 1 49 36 44 8 47 33 11 43 18 28 7 29 24 32 
17 13.1878 47 36 46 16 2 31 13 11 29 21 14 39 17 22 28 5 49 9 30 27 18 6 38 44 48 7 45 41 43 40 26 34 10 23 4 8 15 3 32 1 
18 13.1522 49 16 35 19 38 43 11 4 10 39 22 40 13 18 44 23 2 20 1 8 14 6 30 33 28 7 17 27 5 32 34 36 15 47 21 31 46 41 37 48 
19 13.1586 22 31 34 43 28 13 30 15 19 6 48 35 42 25 5 8 21 12 47 45 40 20 4 38 0 2 11 14 41 44 1 39 33 36 32 18 27 17 46 7 
20 13.1825 40 16 4 15 20 30 13 9 38 21 34 24 32 26 41 31 14 7 36 39 25 17 37 6 1 45 47 18 29 8 49 11 2 48 35 33 5 28 3 12 
21 13.1966 32 30 35 16 26 46 10 18 33 15 28 48 9 0 38 17 13 3 24 6 19 14 47 4 44 7 49 41 40 20 29 2 1 43 8 23 11 27 5 45 
22 13.1883 27 9 24 36 32 3 12 4 46 5 41 34 48 33 30 16 28 25 17 15 47 8 21 49 20 38 2 0 7 43 44 39 45 42 11 37 18 19 6 10 
23 13.1687 10 16 43 8 26 44 40 42 38 30 11 34 22 29 45 18 28 2 4 39 19 9 7 31 24 33 49 32 36 13 35 46 20 48 14 5 17 41 0 15 
24 13.1503 4 20 30 7 43 40 24 26 31 39 1 32 29 10 45 46 48 41 3 33 11 22 19 27 47 13 9 21 5 42 8 14 35 12 16 25 18 36 38 49 
25 13.1708 17 24 11 14 35 4 9 20 13 39 1 37 2 45 18 6 16 46 10 32 48 38 27 5 34 23 7 26 19 36 21 3 44 33 28 12 0 29 25 8 
26 13.1869 18 46 16 26 5 14 32 23 43 39 9 21 7 19 38 12 11 8 6 40 24 33 2 10 44 49 0 1 25 13 20 22 17 47 31 28 42 15 27 30 
27 13.1803 0 44 19 11 3 21 4 35 29 39 22 18 6 32 13 9 41 40 23 38 8 20 1 49 43 30 25 5 28 10 17 31 45 14 26 24 27 37 46 33 
28 13.1909 36 15 8 42 44 10 35 25 34 4 23 32 3 13 16 0 21 2 11 14 1 5 20 33 6 12 29 37 28 7 26 27 38 47 31 40 19 22 39 46 
29 13.1916 17 21 30 16 14 47 1 22 10 25 5 15 34 32 41 48 35 7 39 9 28 8 11 33 18 4 20 42 24 29 23 44 45 37 12 6 0 49 26 27 
