0 12.5764 31 38 45 
1 12.5857 8 22 45 
2 12.4481 19 32 15 
3 12.5744 15 32 28 
4 12.6243 27 7 32 
5 12.6163 30 32 23 
6 12.458 33 37 15 
7 12.5796 8 6 32 
8 12.6735 45 32 8 
9 12.6341 39 28 32 
10 12.5952 33 15 9 
11 12.5719 15 6 46 
12 12.6213 46 16 15 
13 12.4296 36 28 32 
14 12.4914 15 21 33 
15 12.5984 8 22 6 
16 12.5142 32 30 19 
17 12.5796 32 6 8 
18 12.6016 39 45 11 
19 12.6341 39 28 32 
20 12.6016 45 11 39 
21 12.7554 7 32 15 
22 12.642 32 49 36 
23 12.6557 15 32 33 
24 12.5652 8 27 15 
25 12.5645 6 32 11 
26 12.55 8 33 37 
27 12.5753 15 32 31 
28 12.6243 32 27 7 
29 12.5142 30 32 19 
