0 12.7313 41 29 17 30 25 16 33 45 0 12 32 27 26 19 14 22 47 
1 12.6468 46 24 6 2 47 45 31 14 36 32 30 41 20 15 22 29 38 
2 12.7674 7 47 11 27 28 36 32 39 1 29 44 22 34 5 10 4 13 
3 12.7768 42 29 17 7 8 35 34 49 32 23 39 12 28 40 33 46 14 
4 12.7735 7 33 46 8 23 22 45 14 3 36 43 1 19 38 35 25 6 
5 12.6451 47 20 22 27 29 40 15 1 44 38 32 13 30 25 14 33 23 
6 12.8806 4 35 42 14 27 16 7 45 32 28 11 3 24 23 8 34 10 
7 12.8351 16 49 40 47 7 15 24 29 6 46 21 34 30 39 13 28 27 
8 12.8242 22 11 31 24 6 15 13 45 1 0 20 46 5 32 19 38 21 
9 12.6898 34 33 10 47 41 18 38 17 22 39 19 23 15 46 32 28 14 
10 12.7254 42 11 22 9 28 14 29 37 8 18 13 21 26 6 17 3 44 
11 12.854 14 24 40 9 30 29 45 15 38 22 41 47 17 11 13 16 20 
12 12.7919 26 30 21 41 12 8 15 17 0 27 5 6 2 45 42 29 14 
13 12.8441 22 3 17 40 6 45 26 49 18 42 11 28 13 9 48 21 47 
14 12.7424 17 20 6 22 10 2 33 4 24 26 30 47 12 15 27 29 14 
15 12.8612 33 9 8 28 46 22 3 23 39 27 30 11 29 2 32 5 7 
16 12.688 47 5 29 3 46 24 22 1 25 21 33 39 11 35 38 34 17 
17 12.8883 6 32 22 5 45 34 26 27 25 36 15 17 11 37 24 29 23 
18 12.6584 35 46 24 41 2 42 5 9 30 28 32 21 19 29 7 14 8 
19 12.7594 8 32 5 47 36 41 37 15 14 19 45 38 24 31 22 48 46 
20 12.7697 47 48 29 26 11 24 32 12 15 33 14 17 36 27 38 13 2 
21 12.8131 10 6 11 17 37 49 0 2 19 35 21 3 44 1 43 29 22 
22 12.8197 0 11 34 30 22 25 8 45 47 23 6 36 35 43 21 29 1 
23 12.8584 42 15 22 19 35 1 27 47 28 44 11 43 49 32 12 34 30 
24 12.6989 15 14 22 6 45 5 21 41 13 33 47 19 38 46 43 34 31 
25 12.849 49 20 48 40 15 42 12 11 16 17 47 21 38 29 7 8 30 
26 12.7188 36 47 21 38 22 15 9 32 17 30 1 45 27 10 28 48 33 
27 12.8303 43 46 7 39 34 32 4 2 8 42 3 36 28 27 12 45 0 
28 12.838 43 25 33 6 45 19 17 26 24 0 35 4 9 41 49 22 12 
29 12.7945 33 18 45 12 24 42 49 7 38 23 16 36 34 21 46 30 29 
