0 12.5429 48 34 47 5 28 33 
1 12.6359 16 7 32 29 39 13 
2 12.7213 29 41 38 15 32 33 
3 12.5523 22 34 3 32 11 5 
4 12.5158 32 40 7 20 47 39 
5 12.4299 17 38 34 21 6 45 
6 12.559 29 38 41 7 34 32 
7 12.5109 6 32 5 47 33 35 
8 12.573 18 47 5 43 8 32 
9 12.6936 11 43 47 5 39 44 
10 12.5712 35 4 32 11 25 33 
11 12.6092 42 32 6 30 22 17 
12 12.5736 46 5 39 45 7 32 
13 12.5432 19 44 32 22 33 30 
14 12.6929 27 46 8 6 33 43 
15 12.5822 41 6 42 45 27 38 
16 12.6096 45 34 26 12 11 33 
17 12.569 41 6 22 11 3 32 
18 12.4356 41 39 4 45 32 11 
19 12.5196 11 22 25 17 6 32 
20 12.6041 45 39 32 47 41 9 
21 12.5181 28 1 11 27 46 32 
22 12.5282 32 28 20 39 34 47 
23 12.6806 1 30 35 6 31 48 
24 12.4172 5 32 18 47 39 8 
25 12.555 47 38 3 11 32 5 
26 12.5191 8 43 48 29 47 7 
27 12.4831 48 32 19 5 9 33 
28 12.4614 44 7 5 29 39 32 
29 12.4033 22 13 32 21 33 45 
