60 100
 2000  1007  2003  5  2008  2006  4  2002  11  2001  2010  9  0  0  0  0  0  0  0  0  0  0  0  0  0  0  0  0  0  0  0  0  0  0  0  0  0  0  0  0  0  0  0  0  0  0  0  0  0  0  0  0  0  0  0  0  0  0  0  0  0  0  0  0  0  0  0  0  0  0  0  0  0  0  0  0  0  0  0  0  0  0  0  0  0  0  0  0  0  0  0  0  0  0  0  0  0  0  0  0 
 1008  4  2000  6  1001  7  2009  1011  2003  1005  10  1002  0  0  0  0  0  0  0  0  0  0  0  0  0  0  0  0  0  0  0  0  0  0  0  0  0  0  0  0  0  0  0  0  0  0  0  0  0  0  0  0  0  0  0  0  0  0  0  0  0  0  0  0  0  0  0  0  0  0  0  0  0  0  0  0  0  0  0  0  0  0  0  0  0  0  0  0  0  0  0  0  0  0  0  0  0  0  0  0 
 10  1004  2007  5  1011  1000  2006  2001  2003  1009  2  2008  0  0  0  0  0  0  0  0  0  0  0  0  0  0  0  0  0  0  0  0  0  0  0  0  0  0  0  0  0  0  0  0  0  0  0  0  0  0  0  0  0  0  0  0  0  0  0  0  0  0  0  0  0  0  0  0  0  0  0  0  0  0  0  0  0  0  0  0  0  0  0  0  0  0  0  0  0  0  0  0  0  0  0  0  0  0  0  0 
 2  5  1003  1000  2004  9  1011  2008  6  1001  2007  2010  0  0  0  0  0  0  0  0  0  0  0  0  0  0  0  0  0  0  0  0  0  0  0  0  0  0  0  0  0  0  0  0  0  0  0  0  0  0  0  0  0  0  0  0  0  0  0  0  0  0  0  0  0  0  0  0  0  0  0  0  0  0  0  0  0  0  0  0  0  0  0  0  0  0  0  0  0  0  0  0  0  0  0  0  0  0  0  0 
 1001  3  6  2008  1010  2011  1000  2007  5  1002  4  1009  0  0  0  0  0  0  0  0  0  0  0  0  0  0  0  0  0  0  0  0  0  0  0  0  0  0  0  0  0  0  0  0  0  0  0  0  0  0  0  0  0  0  0  0  0  0  0  0  0  0  0  0  0  0  0  0  0  0  0  0  0  0  0  0  0  0  0  0  0  0  0  0  0  0  0  0  0  0  0  0  0  0  0  0  0  0  0  0 
 23  1001  2005  1003  1022  13  15  1016  2019  2000  11  2012  14  1021  2008  9  7  2006  1004  20  2002  1017  2018  1024  10  0  0  0  0  0  0  0  0  0  0  0  0  0  0  0  0  0  0  0  0  0  0  0  0  0  0  0  0  0  0  0  0  0  0  0  0  0  0  0  0  0  0  0  0  0  0  0  0  0  0  0  0  0  0  0  0  0  0  0  0  0  0  0  0  0  0  0  0  0  0  0  0  0  0  0 
 2017  4  2010  1008  2020  1001  2013  2022  2002  1014  2011  2006  2003  1023  2015  19  18  1005  2016  2024  2007  21  1009  0  2012  0  0  0  0  0  0  0  0  0  0  0  0  0  0  0  0  0  0  0  0  0  0  0  0  0  0  0  0  0  0  0  0  0  0  0  0  0  0  0  0  0  0  0  0  0  0  0  0  0  0  0  0  0  0  0  0  0  0  0  0  0  0  0  0  0  0  0  0  0  0  0  0  0  0  0 
 2015  6  2004  24  2008  5  1003  1  0  2021  19  23  1007  2022  13  1016  2002  14  1012  1018  1020  9  17  2011  1010  0  0  0  0  0  0  0  0  0  0  0  0  0  0  0  0  0  0  0  0  0  0  0  0  0  0  0  0  0  0  0  0  0  0  0  0  0  0  0  0  0  0  0  0  0  0  0  0  0  0  0  0  0  0  0  0  0  0  0  0  0  0  0  0  0  0  0  0  0  0  0  0  0  0  0 
 5  2018  1004  21  1001  2024  17  13  8  1002  9  2015  2014  1019  16  20  12  10  1006  2003  1007  2023  2011  1022  2000  0  0  0  0  0  0  0  0  0  0  0  0  0  0  0  0  0  0  0  0  0  0  0  0  0  0  0  0  0  0  0  0  0  0  0  0  0  0  0  0  0  0  0  0  0  0  0  0  0  0  0  0  0  0  0  0  0  0  0  0  0  0  0  0  0  0  0  0  0  0  0  0  0  0  0 
 1005  21  2010  20  2019  1022  13  2011  17  2006  1015  14  12  2008  1003  2007  16  23  4  1002  1001  18  0  1024  1009  0  0  0  0  0  0  0  0  0  0  0  0  0  0  0  0  0  0  0  0  0  0  0  0  0  0  0  0  0  0  0  0  0  0  0  0  0  0  0  0  0  0  0  0  0  0  0  0  0  0  0  0  0  0  0  0  0  0  0  0  0  0  0  0  0  0  0  0  0  0  0  0  0  0  0 
 1018  30  33  1010  1000  1004  40  1008  34  2005  46  2037  1028  29  1021  2020  32  1017  2036  49  19  41  2012  2015  2043  2025  1009  31  3  2014  2016  2  1047  2045  1035  6  11  7  2044  24  1001  2026  1048  2042  22  39  23  1027  13  38  0  0  0  0  0  0  0  0  0  0  0  0  0  0  0  0  0  0  0  0  0  0  0  0  0  0  0  0  0  0  0  0  0  0  0  0  0  0  0  0  0  0  0  0  0  0  0  0  0  0 
 1037  24  2022  15  12  49  2005  1002  1038  2040  2018  1035  1031  26  2043  36  1028  1007  2016  34  48  1029  8  1044  2006  1030  1042  39  2011  2045  1014  27  41  1025  17  21  2013  2032  1010  2046  3  33  20  1009  2000  1004  1  1047  2019  2023  0  0  0  0  0  0  0  0  0  0  0  0  0  0  0  0  0  0  0  0  0  0  0  0  0  0  0  0  0  0  0  0  0  0  0  0  0  0  0  0  0  0  0  0  0  0  0  0  0  0 
 2008  1031  17  2021  44  2039  1018  35  38  1027  12  1032  2034  42  1041  48  1025  2016  1002  2001  5  1007  1033  45  2022  30  2028  20  1024  2036  1049  2047  1043  26  23  0  40  2003  1013  2014  37  10  2019  4  2011  1009  2015  29  46  6  0  0  0  0  0  0  0  0  0  0  0  0  0  0  0  0  0  0  0  0  0  0  0  0  0  0  0  0  0  0  0  0  0  0  0  0  0  0  0  0  0  0  0  0  0  0  0  0  0  0 
 2029  22  5  1003  2008  25  1014  30  1001  1015  1020  7  2045  1046  43  1039  19  11  1002  2016  27  2028  1037  34  49  2040  2012  1004  2024  10  1038  1032  33  2018  1047  2048  36  9  1035  1031  2042  21  1041  1044  2023  2013  17  2006  1000  2026  0  0  0  0  0  0  0  0  0  0  0  0  0  0  0  0  0  0  0  0  0  0  0  0  0  0  0  0  0  0  0  0  0  0  0  0  0  0  0  0  0  0  0  0  0  0  0  0  0  0 
 10  1002  19  20  2041  1016  1047  2017  28  2049  2022  34  1030  2024  1013  8  2046  1014  43  2011  1018  15  1000  9  2027  2039  2025  1045  2003  21  1026  1029  2037  2032  1012  1042  2033  1038  1004  5  2023  1044  31  7  6  1048  2036  1035  1001  2040  0  0  0  0  0  0  0  0  0  0  0  0  0  0  0  0  0  0  0  0  0  0  0  0  0  0  0  0  0  0  0  0  0  0  0  0  0  0  0  0  0  0  0  0  0  0  0  0  0  0 
 94  2027  1047  95  2090  1029  2082  2018  1003  2021  1024  97  2092  53  1044  1002  28  25  2036  2004  52  1091  1085  2037  32  1065  64  2077  1035  61  58  1054  2023  57  1080  33  1079  1093  2008  1014  38  2084  1074  2059  78  2088  2066  1056  2006  1001  2039  2017  1072  22  99  63  2069  1010  9  2005  1087  49  30  55  1042  1041  2031  16  1089  12  1076  34  2051  86  2067  48  2083  2075  1040  1013  26  43  2050  1046  68  1019  1060  1045  96  2062  1020  70  15  98  11  81  73  71  0  7 
 2086  1013  2052  50  72  1002  39  1010  2028  1077  63  2079  2033  1066  37  2019  2044  6  1091  1084  2043  4  1057  2022  46  1048  1045  96  1087  90  2059  98  2001  31  2000  1080  95  81  1032  1025  1064  8  2060  2029  1009  41  53  2073  1018  1038  2088  92  1078  14  1061  1094  2003  1027  47  2082  69  1085  2035  93  1034  2030  1026  74  1007  2042  11  1075  2036  70  1076  1055  2083  23  24  2058  21  2054  1071  1016  2012  49  2051  1068  99  1015  2089  2005  1065  1056  97  1062  40  17  2020  67 
 73  2090  1024  2074  89  1021  2056  52  2081  1013  1023  16  1072  93  2080  2067  2069  1082  66  1036  2065  1092  27  34  8  2038  53  61  71  1084  2039  2088  85  1078  1012  2063  15  1003  2098  2043  1094  4  1006  2086  75  62  1022  2009  2070  2060  40  1057  95  2096  33  79  1020  68  2028  1007  2041  76  1026  1017  2046  0  1030  91  1018  11  1050  48  2042  1097  2025  1045  2029  59  1049  2005  2032  1035  31  2001  1019  1099  55  1010  64  2044  2051  2077  1058  37  47  1054  14  2083  87  2002 
 2094  1060  2045  1019  2073  91  1070  1085  1026  1030  82  1018  2099  80  2027  1040  2002  1029  1044  2061  1081  1076  98  2014  1028  1038  2071  1036  2004  55  21  2058  2046  42  2086  97  1043  2010  2062  49  0  59  64  2050  2092  2087  1078  13  1088  20  77  1095  34  1054  1069  1001  52  2017  2083  1005  1039  2023  6  16  33  2063  37  1007  1003  35  1096  67  1068  2075  1065  1032  2012  31  1074  2011  2015  1048  41  1025  90  1047  51  2008  2072  93  1084  2024  2066  1056  1057  1022  1089  1079  2053  2009 
 55  2027  2046  35  1095  90  84  2049  1091  1086  1016  2  2003  1068  1088  1026  2015  53  75  1048  2028  63  2057  94  2006  78  29  17  1013  8  1070  2067  1077  1037  1009  2031  54  97  2018  1042  40  1073  2044  2080  1032  2061  36  87  1005  93  2030  59  1074  2024  45  1092  1082  99  2012  1034  43  1060  1069  1019  1033  66  2071  0  7  1051  2076  2004  2041  2079  1052  89  1020  21  65  1010  58  38  2047  2083  2022  2096  1056  72  50  2039  2023  1064  14  11  85  62  1  98  25  81 
 7  5008  11  4001  5000  1005  1010  4003  1002  3006  2004  5009  0  0  0  0  0  0  0  0  0  0  0  0  0  0  0  0  0  0  0  0  0  0  0  0  0  0  0  0  0  0  0  0  0  0  0  0  0  0  0  0  0  0  0  0  0  0  0  0  0  0  0  0  0  0  0  0  0  0  0  0  0  0  0  0  0  0  0  0  0  0  0  0  0  0  0  0  0  0  0  0  0  0  0  0  0  0  0  0 
 4004  4007  8  1009  2003  4001  5000  3002  2011  6  5010  2005  0  0  0  0  0  0  0  0  0  0  0  0  0  0  0  0  0  0  0  0  0  0  0  0  0  0  0  0  0  0  0  0  0  0  0  0  0  0  0  0  0  0  0  0  0  0  0  0  0  0  0  0  0  0  0  0  0  0  0  0  0  0  0  0  0  0  0  0  0  0  0  0  0  0  0  0  0  0  0  0  0  0  0  0  0  0  0  0 
 1001  2003  2005  4004  2  1010  4009  1011  2007  5008  6  3000  0  0  0  0  0  0  0  0  0  0  0  0  0  0  0  0  0  0  0  0  0  0  0  0  0  0  0  0  0  0  0  0  0  0  0  0  0  0  0  0  0  0  0  0  0  0  0  0  0  0  0  0  0  0  0  0  0  0  0  0  0  0  0  0  0  0  0  0  0  0  0  0  0  0  0  0  0  0  0  0  0  0  0  0  0  0  0  0 
 2011  5005  4006  3008  1000  5009  2  3010  4007  5004  1001  3003  0  0  0  0  0  0  0  0  0  0  0  0  0  0  0  0  0  0  0  0  0  0  0  0  0  0  0  0  0  0  0  0  0  0  0  0  0  0  0  0  0  0  0  0  0  0  0  0  0  0  0  0  0  0  0  0  0  0  0  0  0  0  0  0  0  0  0  0  0  0  0  0  0  0  0  0  0  0  0  0  0  0  0  0  0  0  0  0 
 5004  2  4011  5010  4000  2005  5001  1003  2008  3007  4009  4006  0  0  0  0  0  0  0  0  0  0  0  0  0  0  0  0  0  0  0  0  0  0  0  0  0  0  0  0  0  0  0  0  0  0  0  0  0  0  0  0  0  0  0  0  0  0  0  0  0  0  0  0  0  0  0  0  0  0  0  0  0  0  0  0  0  0  0  0  0  0  0  0  0  0  0  0  0  0  0  0  0  0  0  0  0  0  0  0 
 5006  2011  4013  17  5002  1003  15  5001  3005  5004  2024  1022  5007  1020  4021  2014  3000  5012  1010  4023  19  3016  1008  1009  2018  0  0  0  0  0  0  0  0  0  0  0  0  0  0  0  0  0  0  0  0  0  0  0  0  0  0  0  0  0  0  0  0  0  0  0  0  0  0  0  0  0  0  0  0  0  0  0  0  0  0  0  0  0  0  0  0  0  0  0  0  0  0  0  0  0  0  0  0  0  0  0  0  0  0  0 
 2023  1014  4013  2019  4004  4005  1015  2018  4020  4002  4021  5006  5022  2003  4000  5016  2001  7  1024  5009  3011  1012  3017  2008  2010  0  0  0  0  0  0  0  0  0  0  0  0  0  0  0  0  0  0  0  0  0  0  0  0  0  0  0  0  0  0  0  0  0  0  0  0  0  0  0  0  0  0  0  0  0  0  0  0  0  0  0  0  0  0  0  0  0  0  0  0  0  0  0  0  0  0  0  0  0  0  0  0  0  0  0 
 5008  5020  1003  4014  1016  13  4021  2009  4000  7  4  1005  22  4019  1023  4002  5010  3011  3006  4015  1018  5024  1001  1017  1012  0  0  0  0  0  0  0  0  0  0  0  0  0  0  0  0  0  0  0  0  0  0  0  0  0  0  0  0  0  0  0  0  0  0  0  0  0  0  0  0  0  0  0  0  0  0  0  0  0  0  0  0  0  0  0  0  0  0  0  0  0  0  0  0  0  0  0  0  0  0  0  0  0  0  0 
 1023  4020  15  2008  3013  3001  3002  5014  1010  3011  2022  4006  5003  19  3004  1018  3012  4000  5  1017  5009  5016  3024  1007  2021  0  0  0  0  0  0  0  0  0  0  0  0  0  0  0  0  0  0  0  0  0  0  0  0  0  0  0  0  0  0  0  0  0  0  0  0  0  0  0  0  0  0  0  0  0  0  0  0  0  0  0  0  0  0  0  0  0  0  0  0  0  0  0  0  0  0  0  0  0  0  0  0  0  0  0 
 5019  22  4017  2021  5014  1024  3015  2006  5004  4012  5016  1  2018  4020  3013  7  1002  3000  4009  3003  1023  10  2011  2005  8  0  0  0  0  0  0  0  0  0  0  0  0  0  0  0  0  0  0  0  0  0  0  0  0  0  0  0  0  0  0  0  0  0  0  0  0  0  0  0  0  0  0  0  0  0  0  0  0  0  0  0  0  0  0  0  0  0  0  0  0  0  0  0  0  0  0  0  0  0  0  0  0  0  0  0 
 4039  4007  1017  3013  3028  2043  4019  6  3033  2014  5038  4010  49  3004  1001  5045  37  4040  1016  31  5002  2046  5018  3021  1025  4041  2034  20  3026  4029  2022  5024  3047  5  3027  1015  2042  3048  4044  2032  1036  5030  4011  2003  3035  3012  2000  8  1009  23  0  0  0  0  0  0  0  0  0  0  0  0  0  0  0  0  0  0  0  0  0  0  0  0  0  0  0  0  0  0  0  0  0  0  0  0  0  0  0  0  0  0  0  0  0  0  0  0  0  0 
 3016  29  3013  4049  5036  1042  11  1039  34  1047  2020  3032  3022  2044  5025  12  3046  4  48  3005  2  5015  3017  26  4028  2040  2010  2043  35  1030  4041  5021  1033  27  5003  2014  2000  4024  1031  3018  5008  1007  2006  2038  4009  45  1  5023  3037  5019  0  0  0  0  0  0  0  0  0  0  0  0  0  0  0  0  0  0  0  0  0  0  0  0  0  0  0  0  0  0  0  0  0  0  0  0  0  0  0  0  0  0  0  0  0  0  0  0  0  0 
 5004  2043  4009  3006  4023  20  3041  5031  1044  4047  2035  4046  1026  3037  4027  2001  24  7  1019  5045  2036  4048  1012  5000  1005  4008  25  3016  1018  49  5014  2042  1028  33  2021  1013  4034  3022  2015  5040  39  11  3017  5003  2010  5029  1030  32  2038  2  0  0  0  0  0  0  0  0  0  0  0  0  0  0  0  0  0  0  0  0  0  0  0  0  0  0  0  0  0  0  0  0  0  0  0  0  0  0  0  0  0  0  0  0  0  0  0  0  0  0 
 2019  5015  3032  4033  1005  5011  43  2008  2048  3003  4020  49  1042  2047  2002  1  3004  2037  1012  4040  5027  5038  4010  2013  29  5017  31  5035  3026  5018  3028  2025  21  4023  2030  45  1024  5006  3007  2044  46  5009  1000  4014  3041  34  2036  5022  3016  39  0  0  0  0  0  0  0  0  0  0  0  0  0  0  0  0  0  0  0  0  0  0  0  0  0  0  0  0  0  0  0  0  0  0  0  0  0  0  0  0  0  0  0  0  0  0  0  0  0  0 
 3005  5048  4031  3015  1038  3042  5032  4045  3047  4009  4014  30  4046  5027  1022  3000  2003  18  2012  3023  5013  4029  2019  4037  26  4033  2049  5006  3034  2016  28  17  1011  3021  1008  1  2025  4043  5035  24  1040  4036  3010  2020  2039  2044  2004  4007  4002  4041  0  0  0  0  0  0  0  0  0  0  0  0  0  0  0  0  0  0  0  0  0  0  0  0  0  0  0  0  0  0  0  0  0  0  0  0  0  0  0  0  0  0  0  0  0  0  0  0  0  0 
 5026  1054  10  2099  3063  1019  1065  4030  2067  1073  2035  4093  12  57  2040  5043  2013  5082  4014  2038  5098  1058  4096  3009  5095  1021  5068  5003  5050  4020  5079  5017  37  4056  1033  2075  1002  3018  2090  4080  2036  1069  3025  4088  5092  5081  1086  1034  2024  3047  1  2071  4022  5008  3097  4078  44  4083  1059  5028  2064  51  3000  1094  1087  2046  4089  2084  4015  3077  2005  70  1045  2074  3072  2055  62  2031  4032  27  2006  53  4023  76  2041  2042  4052  1048  5011  4061  5085  3029  5039  4007  2091  2060  66  5004  2016  4049 
 4055  4095  1050  4022  1021  1052  2066  5082  3004  33  5068  4013  2047  2079  51  2028  2074  3026  69  4005  2002  5036  2030  2018  99  1088  3046  2087  16  4061  2053  1044  2073  1085  34  1017  6  4023  1009  5064  45  1020  4059  5091  1078  2077  60  2058  3000  1037  4072  2007  27  4048  41  5090  2065  2039  5062  1003  3080  1083  5086  2063  10  3043  4011  1  5015  2071  3076  2035  2019  3049  4092  4070  2040  1089  81  5096  4014  4067  2075  84  4032  2042  3054  24  5038  4008  5094  25  29  2031  5093  2012  2097  5056  2098  57 
 3020  2039  4048  4095  58  2096  5035  3022  4014  5059  2088  4041  4023  2025  5034  5009  99  2087  3040  1001  4037  4050  4019  3092  2008  4086  2083  3032  77  3004  2056  5089  3094  1016  4054  5029  1066  3030  0  1081  4046  1026  5091  2017  4033  1047  2076  3007  98  3015  1082  67  1024  5052  2085  4013  1053  49  5012  4006  2042  3071  5043  5031  1084  5063  38  4010  1028  2079  3090  51  1018  3062  2074  4021  2057  1070  5068  3061  4069  2036  5  2003  2044  2065  97  3064  4078  5060  5093  3055  72  1002  3073  5075  80  5027  2045  1011 
 4063  5050  3070  2041  3069  8  1011  5090  3000  5043  2082  4055  5029  3003  2027  3086  4044  85  4016  3038  2074  5083  23  4015  3056  5024  19  3001  2092  2002  3014  4021  1009  37  4084  2093  5073  1034  2071  2020  4088  4046  5010  35  4079  5017  3072  1057  33  1060  5  4075  5076  3039  5091  1067  4045  25  2032  1022  5058  3048  4030  2018  1051  1078  89  59  5036  1080  3054  3042  2028  5095  1096  3077  5053  2097  5026  1061  47  2098  4087  1007  3012  2049  4081  3065  1004  3013  52  1006  2031  3064  4062  1099  1066  1094  3040  68 
 5075  1072  5069  5026  20  3019  2028  1064  5037  3042  4073  3091  81  1029  5046  4017  4  5005  2055  85  4066  1010  4059  2074  67  4000  2068  4062  5023  1009  5032  3083  5043  4031  1033  5086  3071  5092  54  2058  4036  1065  2090  2018  1098  5002  1056  2093  96  3012  4001  4041  5035  3024  1045  1099  60  5021  3097  4061  78  1095  3052  2088  89  3070  5047  3034  14  1051  5013  2079  57  4087  3007  1076  2063  2050  5094  3077  4048  27  3015  1008  5039  2040  5003  4082  49  11  2084  3044  2080  3025  53  1038  5016  30  4022  4006 
 6  7010  6021  5020  9  4014  3022  1024  9011  2017  8000  1004  5007  6003  4008  1023  9019  5016  7013  8012  9015  4002  5018  9005  7001  0  0  0  0  0  0  0  0  0  0  0  0  0  0  0  0  0  0  0  0  0  0  0  0  0  0  0  0  0  0  0  0  0  0  0  0  0  0  0  0  0  0  0  0  0  0  0  0  0  0  0  0  0  0  0  0  0  0  0  0  0  0  0  0  0  0  0  0  0  0  0  0  0  0  0 
 3018  7002  12  1000  4006  3003  7015  2022  8014  5017  7019  7021  1005  3011  23  3024  5010  1020  2001  7007  3004  16  4008  9009  6013  0  0  0  0  0  0  0  0  0  0  0  0  0  0  0  0  0  0  0  0  0  0  0  0  0  0  0  0  0  0  0  0  0  0  0  0  0  0  0  0  0  0  0  0  0  0  0  0  0  0  0  0  0  0  0  0  0  0  0  0  0  0  0  0  0  0  0  0  0  0  0  0  0  0  0 
 9021  6001  4013  4009  8020  6017  6012  9000  16  7002  9010  1003  3018  6011  3007  7022  9014  6005  8008  4004  3023  6006  1024  8019  1015  0  0  0  0  0  0  0  0  0  0  0  0  0  0  0  0  0  0  0  0  0  0  0  0  0  0  0  0  0  0  0  0  0  0  0  0  0  0  0  0  0  0  0  0  0  0  0  0  0  0  0  0  0  0  0  0  0  0  0  0  0  0  0  0  0  0  0  0  0  0  0  0  0  0  0 
 2019  9008  5022  9018  7023  6024  2017  6002  14  6020  9012  6003  3021  2004  7000  4009  9016  1007  11  7015  5010  9013  1  7006  4005  0  0  0  0  0  0  0  0  0  0  0  0  0  0  0  0  0  0  0  0  0  0  0  0  0  0  0  0  0  0  0  0  0  0  0  0  0  0  0  0  0  0  0  0  0  0  0  0  0  0  0  0  0  0  0  0  0  0  0  0  0  0  0  0  0  0  0  0  0  0  0  0  0  0  0 
 7008  4024  12  6022  3020  5018  4004  5013  2003  6023  8002  1009  3015  7005  5010  9001  2019  7  6006  2000  8021  8017  4016  8011  1014  0  0  0  0  0  0  0  0  0  0  0  0  0  0  0  0  0  0  0  0  0  0  0  0  0  0  0  0  0  0  0  0  0  0  0  0  0  0  0  0  0  0  0  0  0  0  0  0  0  0  0  0  0  0  0  0  0  0  0  0  0  0  0  0  0  0  0  0  0  0  0  0  0  0  0 
 9004  23  7018  5020  4016  9024  5007  15  1017  2003  5013  4009  2002  6011  9001  4014  3005  8019  9022  3010  8  9000  3021  6012  6  0  0  0  0  0  0  0  0  0  0  0  0  0  0  0  0  0  0  0  0  0  0  0  0  0  0  0  0  0  0  0  0  0  0  0  0  0  0  0  0  0  0  0  0  0  0  0  0  0  0  0  0  0  0  0  0  0  0  0  0  0  0  0  0  0  0  0  0  0  0  0  0  0  0  0 
 7013  5005  4015  5003  1006  6020  3007  5008  7004  1  1014  9019  3022  2018  9017  7010  24  1023  6000  4009  21  7011  1002  8012  5016  0  0  0  0  0  0  0  0  0  0  0  0  0  0  0  0  0  0  0  0  0  0  0  0  0  0  0  0  0  0  0  0  0  0  0  0  0  0  0  0  0  0  0  0  0  0  0  0  0  0  0  0  0  0  0  0  0  0  0  0  0  0  0  0  0  0  0  0  0  0  0  0  0  0  0 
 8023  3014  8  5000  9012  8021  7018  1015  6005  8002  1013  3001  9024  9  8010  5017  6003  7007  6022  5004  19  9011  1020  1006  6016  0  0  0  0  0  0  0  0  0  0  0  0  0  0  0  0  0  0  0  0  0  0  0  0  0  0  0  0  0  0  0  0  0  0  0  0  0  0  0  0  0  0  0  0  0  0  0  0  0  0  0  0  0  0  0  0  0  0  0  0  0  0  0  0  0  0  0  0  0  0  0  0  0  0  0 
 5004  4010  3  2006  4017  8019  7021  5007  1000  7024  2008  3020  18  7011  9023  9016  2002  6015  9009  6013  5001  5005  3022  9012  2014  0  0  0  0  0  0  0  0  0  0  0  0  0  0  0  0  0  0  0  0  0  0  0  0  0  0  0  0  0  0  0  0  0  0  0  0  0  0  0  0  0  0  0  0  0  0  0  0  0  0  0  0  0  0  0  0  0  0  0  0  0  0  0  0  0  0  0  0  0  0  0  0  0  0  0 
 9011  9  4022  6024  1008  2005  9014  8001  7012  19  4003  9015  8004  5006  3018  9021  4017  3020  1016  3007  6000  5010  9002  2013  3023  0  0  0  0  0  0  0  0  0  0  0  0  0  0  0  0  0  0  0  0  0  0  0  0  0  0  0  0  0  0  0  0  0  0  0  0  0  0  0  0  0  0  0  0  0  0  0  0  0  0  0  0  0  0  0  0  0  0  0  0  0  0  0  0  0  0  0  0  0  0  0  0  0  0  0 
 7043  4047  3012  7023  9021  6035  4  4009  5024  3031  7014  2042  4018  6016  3001  6003  1039  6040  5017  1008  2022  8049  6048  33  9045  3034  6020  2007  5030  1036  4037  9032  6006  1010  1019  2025  8029  9044  3046  8011  41  2015  3027  2000  5013  1005  9026  8002  3028  4038  0  0  0  0  0  0  0  0  0  0  0  0  0  0  0  0  0  0  0  0  0  0  0  0  0  0  0  0  0  0  0  0  0  0  0  0  0  0  0  0  0  0  0  0  0  0  0  0  0  0 
 3048  2032  3030  2033  6001  9013  8035  5000  3003  8  8029  3019  1046  6007  9042  8005  9022  5018  4012  6015  5014  16  6004  7023  9044  4027  9024  1031  43  3047  2020  5010  7009  1036  7038  8028  1037  6011  5026  17  8041  5002  45  34  1006  4021  2025  7049  9039  1040  0  0  0  0  0  0  0  0  0  0  0  0  0  0  0  0  0  0  0  0  0  0  0  0  0  0  0  0  0  0  0  0  0  0  0  0  0  0  0  0  0  0  0  0  0  0  0  0  0  0 
 8007  13  2012  7006  4027  40  8011  6017  8033  20  1034  8000  3044  4032  2047  15  3019  7024  49  2043  3042  6039  2003  1005  5037  4046  6021  25  3045  1036  4001  9009  3031  9041  6028  2014  4016  4002  6010  3004  5008  8023  9018  6026  6030  35  8048  5029  8038  2022  0  0  0  0  0  0  0  0  0  0  0  0  0  0  0  0  0  0  0  0  0  0  0  0  0  0  0  0  0  0  0  0  0  0  0  0  0  0  0  0  0  0  0  0  0  0  0  0  0  0 
 1049  4027  1023  4031  2048  6037  21  3010  5013  7047  9022  4039  7  3019  7033  6038  7020  8000  1046  9012  7044  40  3014  9005  3001  1030  8016  3025  8004  6009  9024  1041  4042  28  1006  6002  5043  3015  9032  1018  6017  8045  2026  9029  3003  5011  1034  9036  2008  9035  0  0  0  0  0  0  0  0  0  0  0  0  0  0  0  0  0  0  0  0  0  0  0  0  0  0  0  0  0  0  0  0  0  0  0  0  0  0  0  0  0  0  0  0  0  0  0  0  0  0 
 7045  39  4013  1030  1025  1002  3044  1001  6046  1034  4010  7018  8012  9000  3014  2019  5037  21  1008  5022  1023  3029  8043  9005  1032  40  3020  3024  6011  7003  9  3004  2026  3036  9007  7042  5006  8047  17  8028  4041  8035  6033  1015  16  5038  2031  7027  48  4049  0  0  0  0  0  0  0  0  0  0  0  0  0  0  0  0  0  0  0  0  0  0  0  0  0  0  0  0  0  0  0  0  0  0  0  0  0  0  0  0  0  0  0  0  0  0  0  0  0  0 
 1001  9047  6029  11  3075  8059  7051  1095  1037  2000  6070  7036  3039  2065  43  1032  8027  6004  34  3071  2088  9063  4050  7026  19  3069  1098  8097  2048  14  6009  5053  4054  1093  9025  2024  3017  6013  8016  5081  1035  7022  9079  4006  5058  7073  5078  4099  4082  7062  6091  2086  2092  60  1002  7028  5041  1067  1003  10  1021  8056  5077  6044  2049  4057  18  2023  8046  4030  9008  3005  7  1076  6089  2012  8020  4052  7072  4096  9061  80  1090  6055  9031  1087  8038  3085  4066  8074  2033  9045  3064  6084  5040  9015  3083  2042  3094  1068 
 5034  3029  6003  2013  3093  19  6015  6008  2088  6068  1095  1016  80  4051  6040  1028  32  3092  4091  5007  6006  9023  5094  2073  8010  4082  8050  9027  42  9065  5038  7000  25  3043  4081  4083  3031  7014  2021  9022  58  49  5047  6045  4077  85  9099  5002  3089  55  87  7061  5097  8005  4004  2064  4009  8054  6044  3084  9011  7078  1046  8036  57  6039  3072  9076  8012  5053  7048  3096  4060  1035  8024  3066  6063  4018  2026  7067  4020  59  1017  79  8074  1041  2052  3062  9001  3069  4033  1037  1086  6075  3071  7098  90  7070  6056  6030 
 84  8095  1075  6012  3027  6094  9097  7013  5092  4016  2086  6051  9045  5058  1006  96  5015  3098  9017  2022  8023  9089  35  3037  6057  2055  1064  2071  7065  3067  6002  9054  3068  1048  14  4052  6047  3024  7005  5003  1007  31  3046  7032  6062  4078  10  1087  4025  8060  7070  3074  2069  4026  3053  2049  1050  88  6061  8018  79  3004  8080  1001  9099  3011  6081  8030  2040  5076  4028  9021  7036  82  5039  4044  3008  6063  1029  8041  9083  7059  3034  3077  9000  7042  1019  66  3085  6056  3038  9009  5073  2091  8093  20  3033  8043  8072  8090 
 6056  5  2043  7001  3047  6048  8091  1065  41  4089  8015  2035  9021  6063  2031  5092  4099  2088  1062  9097  7024  9028  7093  2011  9096  9016  4006  8042  82  4049  2008  5000  64  8037  7013  4077  3036  9061  5075  3060  7034  4074  9022  44  8052  5084  6076  9057  8019  7079  5053  1069  8059  7033  7017  3051  4050  2027  7083  4018  1007  8004  5080  8072  32  6030  7014  3071  7046  3038  9081  1003  3040  9085  5078  5086  5095  4087  2098  8054  9055  10  4029  3026  4012  3066  9023  7073  5068  1020  8058  9025  45  3009  1002  3094  7067  3039  1090  3070 
 2088  9018  71  3072  1066  7023  4014  9033  2031  50  3057  73  8054  7016  4034  1038  48  9076  3027  8052  2078  3019  4009  5020  4026  1093  8025  8053  3006  2024  7007  9064  6005  9022  5037  1080  4061  8087  7091  6013  3044  2047  6094  2029  82  7070  7090  8004  0  3002  9077  2074  8001  8081  9030  6055  1085  9056  7083  32  5042  4092  3039  4059  8089  3075  1021  7040  2015  9010  6097  8008  5067  6003  63  5062  1084  8058  2099  2012  3041  4046  7028  69  2095  4079  60  6065  9051  7086  3035  8011  8043  5017  2096  8045  98  7049  9068  4036 
