0 12.9605 11 24 26 3 14 28 18 1 19 23 10 12 17 7 8 27 21 
1 12.9439 13 15 14 17 10 4 21 26 25 8 23 28 7 24 9 12 11 
2 12.8934 18 11 9 27 28 14 8 13 15 4 10 24 3 21 29 23 7 
3 12.9512 27 17 7 5 16 20 24 10 21 11 14 4 18 1 3 23 15 
4 13.0158 21 17 29 15 3 2 22 0 25 13 9 4 26 6 1 8 10 
5 12.8102 29 24 6 23 7 4 22 20 3 19 8 17 27 18 13 28 9 
6 12.9882 25 11 0 29 5 6 28 21 23 26 16 12 13 14 17 22 18 
7 12.9441 18 23 8 6 7 28 0 11 10 4 29 16 27 26 25 12 5 
8 13.0076 23 7 29 10 4 1 16 11 24 8 13 22 20 21 18 9 15 
9 12.8977 23 22 11 21 17 18 29 19 27 14 7 9 2 24 8 3 28 
10 12.7803 1 20 8 7 12 22 23 13 11 18 28 0 6 5 17 19 21 
11 12.9405 21 8 9 4 10 11 6 29 22 27 14 28 7 19 20 17 16 
12 12.9989 1 11 4 13 27 23 3 19 26 22 17 8 7 18 21 9 29 
13 13.0024 17 14 29 4 19 7 24 0 13 28 3 11 22 9 21 12 8 
14 12.9049 11 14 24 26 21 8 5 18 29 28 15 16 27 2 13 20 7 
15 12.9071 6 7 4 5 28 29 13 22 9 25 23 20 10 19 26 18 1 
16 12.884 4 1 12 21 6 29 11 26 25 28 22 24 20 17 14 15 27 
17 12.8847 4 28 23 0 22 9 5 29 13 8 11 21 18 14 19 6 3 
18 12.9781 7 22 21 13 9 8 28 4 15 0 24 29 23 1 11 10 16 
19 12.9417 21 12 28 9 4 26 24 15 7 8 6 11 17 5 19 22 14 
20 12.9623 17 24 23 20 15 7 16 22 18 2 28 19 21 4 8 11 3 
21 12.9021 6 19 18 21 23 29 27 17 14 24 15 5 26 13 8 22 20 
22 12.9659 22 21 14 18 28 17 11 27 10 7 19 13 29 24 9 8 4 
23 12.9245 28 13 1 10 21 7 24 22 6 14 8 17 11 4 19 23 25 
24 12.9734 4 21 16 2 3 11 8 18 13 23 10 12 28 7 17 0 6 
25 12.882 0 7 19 23 17 8 24 22 4 28 10 1 13 11 14 20 26 
26 12.9372 28 9 22 12 17 15 4 25 27 20 11 14 6 29 13 21 2 
27 12.9565 11 26 25 23 12 7 15 3 21 22 17 18 28 8 0 4 13 
28 12.9006 28 10 15 13 11 25 17 21 18 1 19 16 6 22 29 26 0 
29 12.9285 20 5 23 24 27 3 11 4 13 16 29 7 22 8 15 21 14 
