0 12.7929 21 15 13 6 28 29 20 8 11 
1 12.6855 22 10 27 15 24 6 13 3 17 
2 12.8058 4 17 15 25 6 7 29 22 21 
3 12.7421 13 24 12 11 6 21 28 25 19 
4 12.754 15 17 24 14 13 23 27 25 22 
5 12.7689 18 13 28 17 10 29 0 1 26 
6 12.7982 23 14 20 4 17 8 24 5 28 
7 12.6766 14 13 5 9 29 8 27 22 17 
8 12.7588 29 11 13 22 24 7 4 18 14 
9 12.8252 22 7 26 4 19 29 15 8 2 
10 12.7708 13 27 28 26 24 22 20 18 29 
11 12.8118 27 8 17 26 15 28 29 20 13 
12 12.8474 11 15 6 23 14 28 4 21 12 
13 12.6425 3 15 14 29 23 4 27 6 17 
14 12.7733 3 17 27 23 29 22 13 21 4 
15 12.8088 14 21 8 22 17 13 24 23 15 
16 12.7426 12 5 14 20 17 19 4 22 29 
17 12.8441 2 14 29 24 19 22 23 21 20 
18 12.7182 17 6 15 13 24 1 10 27 21 
19 12.7211 5 8 6 21 28 23 4 22 25 
20 12.8359 25 19 22 6 23 5 28 10 21 
21 12.714 24 22 23 7 6 19 29 5 28 
22 12.7805 14 23 12 17 28 6 29 27 20 
23 12.7818 7 28 22 4 19 27 20 1 17 
24 12.7486 7 28 21 22 15 8 17 29 6 
25 12.8518 13 7 24 29 9 28 26 4 8 
26 12.6141 20 15 9 29 27 21 6 17 3 
27 12.8379 11 24 15 18 13 21 29 6 17 
28 12.806 6 28 17 27 14 3 26 0 11 
29 12.701 13 22 15 11 5 20 6 2 21 
