0 12.7173 26 1 7 21 24 30 38 41 17 45 
1 12.6556 18 14 13 29 19 21 30 31 24 15 
2 12.5383 41 34 22 33 0 36 11 15 47 30 
3 12.6494 39 34 19 47 32 2 8 5 41 24 
4 12.5285 19 46 45 28 12 47 15 32 1 39 
5 12.7214 38 46 5 22 28 11 13 15 34 32 
6 12.6581 38 17 28 33 44 46 30 5 11 37 
7 12.6984 13 18 21 9 39 19 5 28 47 2 
8 12.3984 29 39 14 32 47 1 23 44 34 8 
9 12.6151 32 15 3 22 8 23 19 40 33 7 
10 12.688 36 17 20 15 33 29 31 16 23 27 
11 12.6704 47 7 45 46 3 32 20 23 22 18 
12 12.6774 46 13 47 19 14 16 29 40 30 32 
13 12.6454 48 38 11 41 17 6 47 21 1 5 
14 12.6947 17 47 34 43 8 29 21 46 1 11 
15 12.6424 9 33 32 30 6 35 22 13 46 8 
16 12.6943 32 40 33 47 20 30 36 22 18 48 
17 12.5531 39 34 3 12 31 7 46 32 5 27 
18 12.5815 33 43 38 22 29 47 35 13 32 5 
19 12.5987 47 39 34 44 32 19 28 9 29 30 
20 12.6649 45 23 6 17 32 46 13 39 12 11 
21 12.7545 17 13 47 49 11 30 38 22 32 19 
22 12.7462 44 46 27 39 2 32 25 34 42 22 
23 12.7065 18 19 4 29 28 45 22 5 48 27 
24 12.6543 45 23 30 11 28 33 35 2 32 39 
25 12.5361 42 38 24 32 33 27 34 1 17 6 
26 12.7994 32 7 48 2 46 19 28 22 47 33 
27 12.6398 20 35 23 15 44 17 32 29 30 33 
28 12.4862 15 18 47 39 10 49 1 32 34 28 
29 12.6771 29 46 23 19 34 30 11 15 18 13 
