0 12.8559 21 20 6 29 7 11 8 17 25 1 43 24 30 23 14 33 27 46 
1 12.8165 22 18 21 3 36 32 9 16 30 6 46 19 39 45 7 28 24 23 
2 12.9016 49 4 21 42 33 11 13 20 17 40 7 28 34 22 32 26 19 30 
3 12.8175 33 42 31 14 1 34 35 36 21 3 30 15 20 26 29 27 18 22 
4 12.8259 20 46 24 13 47 23 38 7 15 30 21 25 28 41 45 35 39 6 
5 12.798 3 6 38 20 30 15 22 39 34 26 21 13 14 27 41 42 47 29 
6 12.8383 21 11 31 25 35 38 18 6 14 0 17 40 44 49 41 48 29 45 
7 12.8088 48 10 21 27 14 24 6 20 46 31 5 4 13 11 33 17 8 1 
8 12.794 41 30 22 35 6 25 11 46 38 3 27 32 49 39 21 24 17 15 
9 12.8209 17 5 32 22 33 14 38 40 11 13 3 39 24 35 8 30 45 36 
10 12.8282 21 30 42 33 5 1 39 44 38 27 24 46 8 45 22 7 6 40 
11 12.7983 7 34 14 42 46 45 35 21 39 29 22 27 17 33 20 40 6 11 
12 12.8045 46 11 33 27 22 7 15 17 16 3 1 34 38 36 29 41 25 24 
13 12.802 17 26 47 19 35 38 33 25 36 13 20 22 0 23 8 49 6 46 
14 12.8369 31 20 35 36 32 17 40 6 5 3 46 27 30 24 9 15 29 34 
15 12.8555 33 22 48 49 16 32 21 47 5 46 36 13 20 35 34 38 39 15 
16 12.8969 39 22 47 20 38 23 43 41 7 28 25 19 36 46 12 9 33 11 
17 12.9203 37 25 31 12 26 47 9 49 8 44 38 14 11 18 5 36 10 6 
18 12.8545 31 19 28 45 7 27 25 21 46 30 20 18 38 17 29 33 11 6 
19 12.8924 7 19 11 41 22 9 10 39 27 40 36 32 15 18 45 38 13 25 
20 12.7794 21 8 18 23 7 11 33 15 49 2 6 9 46 32 13 4 25 34 
21 12.8181 4 32 35 38 13 39 22 5 28 45 9 42 29 11 19 49 31 15 
22 12.8696 30 48 22 17 6 1 34 7 31 21 35 43 38 5 23 42 33 29 
23 12.8843 19 30 36 2 39 20 16 5 15 21 7 27 3 45 41 46 38 11 
24 12.7435 37 11 40 7 29 22 20 21 14 27 32 17 34 36 1 33 5 13 
25 12.8616 30 29 18 34 42 6 28 32 1 13 31 45 11 27 48 22 39 7 
26 12.7669 17 11 2 27 30 47 29 20 4 21 22 25 15 33 46 0 44 43 
27 12.8013 28 47 32 8 45 1 15 3 38 39 31 35 22 27 13 17 21 6 
28 12.8011 36 30 6 39 15 38 29 46 31 26 4 25 22 33 47 45 17 5 
29 12.9022 7 24 22 15 35 17 13 47 32 29 30 38 36 49 33 16 21 23 
