0 23743 23816 2 32 9 3 26 15 20 47 24 0 31 44 42 11 36 43 21 16 19 45 29 35 46 7 8 
1 23708 23875 37 7 0 39 34 40 47 2 43 45 1 4 23 33 36 13 21 46 16 32 38 44 10 20 15 
2 23740 23886 44 30 1 41 8 6 26 37 15 35 48 5 4 28 24 21 40 10 39 46 36 23 25 47 17 
3 23732 23910 31 1 21 43 37 44 45 47 7 13 28 17 42 4 0 3 35 9 34 26 40 16 20 10 5 
4 23716 23905 25 19 39 35 0 10 31 3 4 20 40 37 48 9 46 36 11 45 33 15 32 28 7 5 1 
5 23738 23891 42 47 37 9 1 8 29 26 45 43 4 34 23 0 46 25 44 10 30 41 7 5 17 39 21 
6 23704 23807 44 39 1 46 36 16 41 23 5 17 10 24 25 15 42 32 20 26 13 0 3 9 21 47 8 
7 23731 23865 45 21 26 34 36 2 24 7 15 3 9 33 17 16 28 1 41 6 35 23 31 25 46 40 29 
8 23716 23872 1 19 16 28 7 29 35 37 25 20 5 24 6 47 43 33 30 0 48 36 2 3 38 4 39 
9 23685 23803 31 25 34 24 21 26 10 8 40 16 6 7 48 44 3 19 5 35 13 28 17 47 9 20 1 
10 23677 23803 44 34 24 8 0 3 47 35 28 5 39 21 29 11 48 43 10 1 9 41 38 4 20 15 46 
11 23717 23891 33 24 41 5 29 35 39 23 11 1 9 44 46 47 21 6 13 20 37 26 32 3 10 25 2 
12 23702 23797 17 20 0 43 48 6 24 40 36 35 7 29 10 19 23 11 28 5 46 8 47 41 25 4 45 
13 23710 23797 25 42 35 21 2 41 31 10 33 32 11 43 0 48 7 38 9 20 1 8 6 45 47 34 29 
14 23733 23862 8 48 47 23 25 7 35 26 30 16 0 41 38 10 28 24 37 34 20 44 3 36 21 15 29 
15 23720 23890 33 19 5 43 41 16 46 39 29 26 48 42 47 34 17 1 10 24 20 30 37 44 13 38 36 
16 23763 23838 26 32 3 21 30 13 16 10 19 5 28 35 2 42 41 23 43 36 20 8 37 4 6 34 44 
17 23675 23891 21 0 31 40 45 42 41 10 6 48 7 16 9 17 5 20 38 4 24 26 43 46 15 2 1 
18 23744 23831 38 37 35 43 9 3 5 7 19 1 45 16 28 6 10 11 32 39 42 24 15 44 2 23 4 
19 23730 23879 40 23 38 20 10 37 43 21 0 11 47 45 35 4 24 16 19 28 36 39 9 3 44 42 41 
20 23708 23839 48 16 6 46 31 45 44 47 32 15 21 23 35 24 43 9 28 30 8 11 41 17 1 29 5 
21 23704 23791 35 5 4 0 48 19 38 10 26 24 7 21 45 25 43 17 36 1 32 39 11 47 6 8 46 
22 23718 23886 0 43 38 15 16 37 48 17 45 34 25 28 32 20 39 11 44 47 4 21 29 31 41 3 40 
23 23713 23893 43 17 11 47 20 40 33 30 46 41 19 10 23 44 29 13 34 2 15 39 37 5 31 42 1 
24 23707 23803 15 43 9 38 32 34 2 1 46 11 8 16 36 3 28 6 45 41 42 23 29 35 5 47 40 
25 23741 23867 37 3 40 45 16 1 19 0 44 20 11 31 28 38 43 24 7 30 13 6 42 10 5 47 39 
26 23699 23790 43 16 45 5 15 39 25 24 34 48 47 13 46 20 8 41 28 26 10 21 42 40 35 44 9 
27 23698 23873 13 36 48 4 11 32 33 23 15 44 26 25 5 31 42 37 38 41 34 16 24 1 35 47 20 
28 23745 23871 38 39 1 30 16 8 36 47 11 29 34 37 4 40 28 46 44 15 41 7 35 26 45 25 21 
29 23701 23885 23 19 24 36 20 32 25 16 43 28 42 7 41 47 4 1 44 46 38 10 17 35 3 31 37 
