0 23694 23888 41 11 48 45 21 4 31 
1 23661 23829 41 44 11 33 19 34 4 
2 23645 23682 6 36 11 43 42 44 23 
3 23689 23799 7 16 11 41 34 29 21 
4 23677 23831 33 42 15 1 45 19 44 
5 23651 23780 0 29 43 45 44 26 46 
6 23691 23778 34 33 47 20 24 40 3 
7 23663 23818 33 19 21 16 1 36 4 
8 23678 23820 1 31 15 33 17 34 13 
9 23657 23883 23 1 38 42 11 45 4 
10 23654 23793 13 0 45 23 2 36 7 
11 23682 23722 26 42 19 2 21 45 0 
12 23621 23739 43 6 46 29 2 15 44 
13 23666 23729 29 43 23 13 9 44 45 
14 23653 23801 16 21 19 33 15 1 11 
15 23710 23819 9 36 34 1 45 2 15 
16 23663 23906 1 0 11 48 31 43 5 
17 23580 23700 36 15 29 2 43 9 0 
18 23630 23684 29 9 44 45 43 42 6 
19 23671 23838 2 16 46 1 38 6 42 
20 23697 23894 43 29 1 17 41 0 15 
21 23672 23813 43 0 19 15 1 21 6 
22 23683 23795 29 21 1 15 7 34 0 
23 23676 23878 29 38 1 23 26 46 11 
24 23548 23778 43 23 6 36 15 42 11 
25 23656 23894 15 38 29 16 11 1 21 
26 23691 23863 1 33 44 41 29 13 6 
27 23705 23853 6 32 20 26 3 24 5 
28 23700 23880 31 5 38 45 40 24 29 
29 23657 23936 33 6 9 7 1 19 38 
