0 23762 23977 34 25 4 24 10 33 7 46 49 38 42 8 29 43 31 21 35 39 9 30 23 20 40 17 44 16 47 6 13 11 
1 23738 23869 24 0 31 23 17 4 20 26 40 3 16 35 9 30 1 10 32 37 42 39 34 19 33 28 15 47 5 29 2 45 
2 23752 23859 8 3 46 41 36 25 40 20 11 13 2 23 47 48 37 1 28 43 30 0 24 5 32 39 38 9 42 10 26 4 
3 23699 23797 15 7 17 19 35 23 28 42 10 13 25 5 21 41 8 46 6 38 11 43 36 48 2 39 47 45 20 16 40 4 
4 23751 23810 34 46 10 38 3 24 13 21 31 30 20 39 11 23 44 43 28 19 5 45 6 0 8 42 33 4 26 47 36 25 
5 23755 23852 20 41 28 23 3 25 5 43 32 21 15 8 36 49 2 9 16 37 11 6 10 14 17 45 38 7 0 30 24 1 
6 23712 23829 47 31 23 6 15 44 41 42 46 1 17 21 3 45 25 2 0 40 24 5 7 20 34 33 26 35 39 36 13 29 
7 23748 23863 43 13 6 20 21 40 5 7 15 25 32 11 47 37 19 30 26 29 35 4 28 8 23 38 16 39 45 1 3 42 
8 23763 23893 11 25 34 45 29 23 0 1 41 42 2 32 7 6 16 15 37 4 36 38 13 46 19 48 40 17 47 33 39 43 
9 23711 23919 3 35 32 24 42 47 28 29 25 20 9 31 5 23 48 45 37 21 38 4 16 19 41 7 0 46 6 17 2 44 
10 23683 23805 45 16 43 23 15 42 3 40 4 39 33 48 0 5 47 29 2 19 10 11 25 20 35 8 21 13 24 1 34 38 
11 23762 23843 47 41 5 30 16 3 45 21 10 31 46 19 20 11 49 37 32 8 48 7 2 1 23 9 15 14 34 24 43 36 
12 23762 23858 43 48 7 1 32 9 5 39 11 40 28 17 30 29 26 20 4 24 8 37 38 13 16 45 42 23 19 3 15 10 
13 23739 23882 31 15 44 17 36 34 11 20 3 48 9 2 23 38 7 26 16 43 41 6 46 10 42 5 0 13 32 28 25 40 
14 23742 23842 42 1 15 2 35 8 21 3 40 44 7 47 20 10 32 17 37 9 5 4 48 31 30 41 38 19 29 33 43 28 
15 23683 23829 26 1 23 6 9 47 3 19 11 21 42 10 38 15 35 7 5 13 29 16 25 2 41 8 46 40 20 33 4 24 
16 23743 23868 32 44 20 16 41 15 0 29 23 6 17 11 30 39 31 28 1 43 37 21 13 36 42 48 45 47 26 40 35 38 
17 23732 23862 21 33 11 48 46 26 15 6 35 45 32 31 38 43 7 24 0 41 2 47 39 16 5 9 42 44 25 30 37 20 
18 23741 23832 21 47 4 13 35 3 24 16 33 28 5 7 34 2 17 29 45 1 39 31 11 40 10 44 42 19 8 41 26 36 
19 23731 23831 36 6 20 0 47 31 16 1 24 42 30 23 41 19 10 46 8 5 45 33 35 48 38 21 15 9 7 4 39 26 
20 23732 23846 7 42 43 11 39 37 20 4 19 44 9 41 25 32 26 30 6 2 5 36 38 23 24 40 21 28 1 17 47 34 
21 23762 23892 43 46 8 19 25 48 33 13 23 39 44 35 38 10 41 31 26 29 28 20 32 36 47 49 16 30 37 6 34 15 
22 23758 23888 41 29 13 26 15 16 3 46 23 30 11 34 17 44 8 35 25 12 4 42 43 37 47 2 38 5 33 36 19 10 
23 23719 23851 32 8 23 26 17 47 40 24 48 15 10 9 41 19 13 35 39 29 37 34 5 44 20 30 1 33 31 2 36 25 
24 23691 23844 8 13 28 29 38 44 24 32 1 39 34 47 40 6 33 7 4 35 16 30 46 43 5 11 21 0 48 9 45 17 
25 23753 23854 37 4 36 45 28 11 47 1 9 44 34 7 48 16 3 15 42 31 46 24 39 8 10 21 13 23 17 19 26 41 
26 23730 23816 39 19 44 47 13 35 17 1 23 10 4 20 33 15 24 8 31 26 32 45 38 2 5 41 46 42 43 28 9 30 
27 23769 23881 38 40 1 33 5 12 8 9 49 16 6 47 37 29 3 46 41 26 14 39 45 30 7 36 48 35 27 31 17 22 
28 23763 23886 34 47 1 49 29 46 44 43 48 42 33 28 21 10 26 8 20 11 6 35 39 23 40 32 36 41 13 16 37 24 
29 23768 23938 30 43 42 14 19 21 27 6 40 23 38 46 49 16 44 45 35 29 7 31 8 17 32 11 47 36 24 4 48 39 
