.\random\train\R021608_0008_002.txt 2 16 8 190 190
 1 1 4 45 45 183 183 158 158 89 89
 1 2 4 61 61 24 24 74 74 163 163
 1 3 5 46 46 108 108 76 76 56 56 73 73
 1 4 3 129 129 29 29 36 36
 1 5 4 44 44 98 98 32 32 143 143
 1 6 7 126 126 1 1 67 67 66 66 57 57 17 17 49 49
 1 7 4 65 65 58 58 177 177 133 133
 1 8 8 21 21 172 172 59 59 38 38 3 3 162 162 141 141 22 22
 1 9 3 164 164 9 9 127 127
 1 10 8 152 152 115 115 18 18 117 117 84 84 87 87 171 171 72 72
 1 11 2 178 178 83 83
 1 12 7 37 37 123 123 30 30 25 25 179 179 130 130 139 139
 1 13 8 75 75 131 131 68 68 170 170 23 23 113 113 69 69 149 149
 1 14 5 189 189 8 8 70 70 118 118 176 176
 1 15 4 169 169 159 159 121 121 156 156
 1 16 8 31 31 161 161 78 78 102 102 185 185 15 15 157 157 96 96
 2 1 4 111 111 99 99 165 165 50 50
 2 2 8 14 14 53 53 39 39 77 77 60 60 12 12 187 187 20 20
 2 3 8 116 116 91 91 104 104 40 40 19 19 128 128 182 182 86 86
 2 4 8 11 11 90 90 136 136 147 147 52 52 166 166 174 174 13 13
 2 5 5 153 153 33 33 28 28 82 82 27 27
 2 6 8 186 186 124 124 140 140 43 43 4 4 190 190 160 160 110 110
 2 7 8 138 138 26 26 79 79 47 47 150 150 95 95 103 103 134 134
 2 8 4 109 109 7 7 85 85 106 106
 2 9 6 16 16 105 105 175 175 135 135 100 100 188 188
 2 10 8 101 101 10 10 5 5 122 122 148 148 97 97 125 125 63 63
 2 11 7 168 168 167 167 51 51 181 181 88 88 34 34 93 93
 2 12 4 154 154 120 120 62 62 137 137
 2 13 8 80 80 107 107 146 146 180 180 54 54 155 155 151 151 119 119
 2 14 7 55 55 144 144 92 92 112 112 184 184 173 173 114 114
 2 15 7 2 2 35 35 132 132 6 6 41 41 42 42 94 94
 2 16 6 71 71 64 64 81 81 48 48 145 145 142 142
