.\random\train\R021606_0006_000.txt 2 16 6 140 140
 1 1 5 13 13 103 103 27 27 61 61 122 122
 1 2 4 79 79 107 107 89 89 53 53
 1 3 6 12 12 76 76 47 47 54 54 33 33 49 49
 1 4 1 118 118
 1 5 4 121 121 19 19 14 14 18 18
 1 6 6 48 48 98 98 15 15 22 22 60 60 130 130
 1 7 6 4 4 41 41 20 20 87 87 52 52 92 92
 1 8 4 29 29 67 67 91 91 86 86
 1 9 5 129 129 131 131 97 97 96 96 93 93
 1 10 3 88 88 5 5 70 70
 1 11 3 128 128 109 109 85 85
 1 12 6 63 63 45 45 55 55 127 127 40 40 26 26
 1 13 6 101 101 69 69 68 68 10 10 34 34 71 71
 1 14 4 126 126 84 84 57 57 111 111
 1 15 6 82 82 37 37 9 9 50 50 21 21 132 132
 1 16 4 114 114 24 24 7 7 134 134
 2 1 5 133 133 94 94 43 43 123 123 115 115
 2 2 5 51 51 31 31 74 74 78 78 17 17
 2 3 6 120 120 59 59 58 58 1 1 66 66 105 105
 2 4 3 2 2 137 137 95 95
 2 5 3 16 16 112 112 65 65
 2 6 4 119 119 136 136 138 138 36 36
 2 7 4 56 56 80 80 113 113 42 42
 2 8 6 90 90 35 35 81 81 39 39 64 64 116 116
 2 9 5 38 38 125 125 73 73 108 108 102 102
 2 10 3 110 110 8 8 139 139
 2 11 6 25 25 83 83 30 30 3 3 117 117 106 106
 2 12 2 44 44 11 11
 2 13 4 28 28 62 62 77 77 104 104
 2 14 5 32 32 46 46 135 135 23 23 99 99
 2 15 3 124 124 75 75 72 72
 2 16 3 6 6 140 140 100 100
