.\random\train\R041608_0008_000.txt 4 16 8 380 380
 1 1 4 225 225 253 253 249 249 9 9
 1 2 7 65 65 132 132 266 266 121 121 243 243 194 194 337 337
 1 3 6 335 335 344 344 13 13 228 228 161 161 114 114
 1 4 6 108 108 199 199 291 291 166 166 104 104 67 67
 1 5 2 370 370 49 49
 1 6 3 191 191 210 210 29 29
 1 7 8 268 268 50 50 322 322 100 100 331 331 106 106 197 197 165 165
 1 8 6 115 115 200 200 2 2 303 303 264 264 320 320
 1 9 6 257 257 306 306 156 156 91 91 177 177 71 71
 1 10 7 48 48 213 213 105 105 289 289 122 122 309 309 230 230
 1 11 8 14 14 359 359 373 373 17 17 313 313 46 46 54 54 72 72
 1 12 8 134 134 28 28 11 11 286 286 321 321 97 97 276 276 109 109
 1 13 5 8 8 85 85 280 280 126 126 196 196
 1 14 7 278 278 361 361 378 378 143 143 345 345 94 94 185 185
 1 15 5 214 214 265 265 209 209 327 327 367 367
 1 16 3 251 251 188 188 310 310
 2 1 7 141 141 99 99 187 187 380 380 285 285 12 12 297 297
 2 2 7 244 244 256 256 123 123 55 55 254 254 357 357 74 74
 2 3 5 284 284 102 102 363 363 53 53 218 218
 2 4 8 352 352 16 16 293 293 66 66 175 175 92 92 183 183 236 236
 2 5 8 164 164 189 189 3 3 364 364 144 144 40 40 145 145 358 358
 2 6 6 329 329 146 146 136 136 205 205 39 39 362 362
 2 7 5 294 294 89 89 252 252 207 207 282 282
 2 8 5 151 151 295 295 139 139 305 305 201 201
 2 9 8 138 138 27 27 186 186 242 242 260 260 173 173 153 153 184 184
 2 10 7 133 133 167 167 211 211 68 68 375 375 154 154 137 137
 2 11 8 158 158 163 163 90 90 79 79 96 96 4 4 232 232 255 255
 2 12 8 296 296 342 342 119 119 192 192 41 41 57 57 7 7 304 304
 2 13 4 233 233 193 193 279 279 267 267
 2 14 2 333 333 350 350
 2 15 5 288 288 221 221 217 217 349 349 343 343
 2 16 3 147 147 323 323 222 222
 3 1 8 64 64 142 142 135 135 227 227 32 32 149 149 38 38 155 155
 3 2 8 82 82 272 272 246 246 24 24 60 60 336 336 379 379 88 88
 3 3 8 152 152 111 111 203 203 195 195 21 21 365 365 290 290 120 120
 3 4 8 75 75 113 113 70 70 34 34 301 301 238 238 171 171 190 190
 3 5 4 47 47 292 292 212 212 262 262
 3 6 6 206 206 35 35 245 245 30 30 178 178 339 339
 3 7 3 377 377 338 338 25 25
 3 8 5 77 77 131 131 118 118 374 374 269 269
 3 9 8 162 162 354 354 234 234 15 15 302 302 308 308 157 157 52 52
 3 10 6 93 93 348 348 311 311 324 324 176 176 78 78
 3 11 6 270 270 326 326 325 325 110 110 351 351 26 26
 3 12 8 101 101 125 125 372 372 299 299 22 22 140 140 73 73 33 33
 3 13 3 271 271 59 59 315 315
 3 14 6 274 274 341 341 20 20 56 56 223 223 219 219
 3 15 7 368 368 241 241 23 23 281 281 229 229 103 103 150 150
 3 16 4 42 42 62 62 174 174 258 258
 4 1 6 316 316 307 307 275 275 273 273 340 340 369 369
 4 2 3 231 231 261 261 44 44
 4 3 4 169 169 172 172 240 240 287 287
 4 4 8 86 86 36 36 58 58 124 124 179 179 237 237 61 61 180 180
 4 5 8 128 128 112 112 355 355 45 45 18 18 182 182 215 215 43 43
 4 6 8 318 318 277 277 1 1 239 239 347 347 204 204 117 117 107 107
 4 7 7 81 81 181 181 360 360 314 314 6 6 83 83 129 129
 4 8 3 208 208 332 332 366 366
 4 9 2 356 356 127 127
 4 10 6 168 168 31 31 116 116 202 202 51 51 159 159
 4 11 8 259 259 5 5 148 148 63 63 334 334 346 346 235 235 37 37
 4 12 6 317 317 330 330 371 371 263 263 160 160 224 224
 4 13 8 98 98 69 69 216 216 298 298 198 198 353 353 19 19 76 76
 4 14 5 226 226 87 87 376 376 130 130 250 250
 4 15 5 319 319 95 95 84 84 170 170 247 247
 4 16 8 10 10 80 80 312 312 328 328 300 300 220 220 283 283 248 248
