.\random\train\R101606_0006_002.txt 10 16 6 720 720
 1 1 6 434 434 702 702 382 382 421 421 213 213 485 485
 1 2 3 46 46 298 298 296 296
 1 3 6 9 9 647 647 720 720 274 274 65 65 216 216
 1 4 6 390 390 297 297 365 365 79 79 188 188 16 16
 1 5 2 440 440 498 498
 1 6 6 25 25 606 606 26 26 514 514 637 637 180 180
 1 7 5 362 362 371 371 595 595 431 431 127 127
 1 8 6 501 501 639 639 31 31 120 120 499 499 138 138
 1 9 3 97 97 66 66 683 683
 1 10 6 441 441 51 51 398 398 169 169 584 584 625 625
 1 11 6 393 393 387 387 674 674 115 115 482 482 359 359
 1 12 3 645 645 369 369 686 686
 1 13 6 624 624 533 533 205 205 697 697 82 82 235 235
 1 14 6 456 456 600 600 489 489 596 596 214 214 165 165
 1 15 5 701 701 128 128 409 409 126 126 294 294
 1 16 4 88 88 500 500 355 355 486 486
 2 1 5 23 23 508 508 422 422 340 340 520 520
 2 2 6 593 593 328 328 113 113 354 354 516 516 477 477
 2 3 6 35 35 389 389 160 160 392 392 211 211 527 527
 2 4 3 403 403 320 320 685 685
 2 5 6 181 181 630 630 681 681 366 366 400 400 466 466
 2 6 4 451 451 589 589 534 534 592 592
 2 7 6 123 123 519 519 694 694 346 346 245 245 50 50
 2 8 3 690 690 698 698 484 484
 2 9 6 48 48 137 137 616 616 713 713 564 564 279 279
 2 10 6 461 461 710 710 432 432 414 414 689 689 459 459
 2 11 5 244 244 661 661 107 107 444 444 146 146
 2 12 6 518 518 351 351 490 490 693 693 509 509 667 667
 2 13 4 111 111 406 406 578 578 388 388
 2 14 6 528 528 238 238 99 99 540 540 632 632 488 488
 2 15 6 699 699 277 277 649 649 716 716 59 59 252 252
 2 16 3 447 447 80 80 247 247
 3 1 2 170 170 148 148
 3 2 4 384 384 290 290 655 655 33 33
 3 3 4 559 559 324 324 223 223 323 323
 3 4 3 184 184 487 487 563 563
 3 5 2 267 267 322 322
 3 6 6 311 311 209 209 379 379 581 581 260 260 74 74
 3 7 2 491 491 358 358
 3 8 6 312 312 198 198 585 585 688 688 212 212 558 558
 3 9 6 356 356 293 293 538 538 28 28 718 718 232 232
 3 10 6 225 225 249 249 159 159 174 174 368 368 443 443
 3 11 6 70 70 436 436 5 5 71 71 395 395 521 521
 3 12 6 187 187 437 437 60 60 677 677 664 664 373 373
 3 13 3 522 522 272 272 429 429
 3 14 4 597 597 513 513 203 203 265 265
 3 15 4 53 53 381 381 8 8 367 367
 3 16 5 512 512 591 591 333 333 37 37 295 295
 4 1 4 476 476 269 269 568 568 2 2
 4 2 6 306 306 335 335 442 442 515 515 628 628 408 408
 4 3 4 206 206 18 18 68 68 64 64
 4 4 2 89 89 20 20
 4 5 5 171 171 242 242 304 304 659 659 331 331
 4 6 6 474 474 125 125 517 517 423 423 660 660 692 692
 4 7 4 44 44 717 717 526 526 719 719
 4 8 5 646 646 286 286 557 557 551 551 404 404
 4 9 5 13 13 342 342 547 547 396 396 132 132
 4 10 6 642 642 278 278 573 573 682 682 332 332 370 370
 4 11 4 189 189 577 577 569 569 376 376
 4 12 6 680 680 301 301 313 313 194 194 54 54 643 643
 4 13 4 55 55 38 38 157 157 210 210
 4 14 6 190 190 582 582 668 668 481 481 234 234 372 372
 4 15 5 200 200 510 510 273 273 410 410 58 58
 4 16 5 579 579 465 465 603 603 666 666 679 679
 5 1 6 391 391 40 40 305 305 511 511 621 621 94 94
 5 2 6 445 445 309 309 341 341 308 308 285 285 325 325
 5 3 5 561 561 588 588 602 602 627 627 571 571
 5 4 5 610 610 648 648 507 507 344 344 147 147
 5 5 4 140 140 106 106 704 704 348 348
 5 6 6 615 615 714 714 10 10 656 656 638 638 164 164
 5 7 4 669 669 268 268 103 103 495 495
 5 8 6 239 239 100 100 424 424 463 463 319 319 671 671
 5 9 3 326 326 673 673 215 215
 5 10 2 454 454 36 36
 5 11 6 337 337 657 657 179 179 464 464 670 670 425 425
 5 12 6 556 556 47 47 622 622 708 708 458 458 357 357
 5 13 6 292 292 73 73 289 289 57 57 263 263 555 555
 5 14 4 135 135 560 560 696 696 155 155
 5 15 5 230 230 598 598 654 654 497 497 117 117
 5 16 3 105 105 124 124 271 271
 6 1 5 84 84 93 93 684 684 316 316 457 457
 6 2 6 614 614 483 483 91 91 276 276 524 524 352 352
 6 3 3 428 428 162 162 85 85
 6 4 2 618 618 237 237
 6 5 4 427 427 399 399 496 496 283 283
 6 6 5 275 275 377 377 321 321 435 435 24 24
 6 7 5 700 700 546 546 448 448 43 43 166 166
 6 8 6 153 153 449 449 229 229 553 553 318 318 504 504
 6 9 5 662 662 629 629 545 545 102 102 364 364
 6 10 3 134 134 607 607 270 270
 6 11 6 467 467 182 182 453 453 185 185 156 156 86 86
 6 12 6 587 587 22 22 121 121 96 96 193 193 411 411
 6 13 3 81 81 67 67 17 17
 6 14 6 266 266 83 83 350 350 186 186 253 253 41 41
 6 15 2 353 353 45 45
 6 16 3 363 363 129 129 631 631
 7 1 5 378 378 167 167 329 329 430 430 407 407
 7 2 6 567 567 108 108 92 92 19 19 530 530 706 706
 7 3 4 541 541 539 539 76 76 39 39
 7 4 4 281 281 29 29 112 112 52 52
 7 5 6 605 605 416 416 620 620 220 220 222 222 478 478
 7 6 2 535 535 61 61
 7 7 6 612 612 412 412 641 641 334 334 21 21 544 544
 7 8 6 310 310 469 469 634 634 196 196 116 116 650 650
 7 9 4 550 550 452 452 257 257 473 473
 7 10 6 256 256 472 472 15 15 77 77 192 192 619 619
 7 11 2 131 131 264 264
 7 12 3 537 537 72 72 161 161
 7 13 3 402 402 288 288 168 168
 7 14 2 143 143 183 183
 7 15 3 1 1 56 56 307 307
 7 16 6 282 282 675 675 207 207 130 130 248 248 604 604
 8 1 0
 8 2 2 652 652 542 542
 8 3 6 471 471 715 715 12 12 707 707 494 494 552 552
 8 4 4 158 158 640 640 413 413 217 217
 8 5 6 479 479 302 302 611 611 315 315 122 122 678 678
 8 6 6 49 49 262 262 433 433 711 711 531 531 420 420
 8 7 6 280 280 580 580 233 233 549 549 438 438 144 144
 8 8 5 284 284 536 536 78 78 62 62 136 136
 8 9 6 90 90 27 27 317 317 173 173 608 608 32 32
 8 10 5 4 4 455 455 339 339 554 554 386 386
 8 11 2 101 101 152 152
 8 12 6 226 226 468 468 380 380 241 241 601 601 695 695
 8 13 6 204 204 415 415 565 565 687 687 703 703 14 14
 8 14 3 562 562 255 255 566 566
 8 15 2 583 583 261 261
 8 16 1 394 394
 9 1 4 450 450 202 202 145 145 548 548
 9 2 4 219 219 240 240 586 586 470 470
 9 3 3 139 139 529 529 7 7
 9 4 6 177 177 590 590 635 635 259 259 199 199 493 493
 9 5 1 6 6
 9 6 5 251 251 405 405 658 658 119 119 599 599
 9 7 6 104 104 218 218 570 570 480 480 576 576 30 30
 9 8 4 419 419 360 360 626 626 87 87
 9 9 3 338 338 401 401 676 676
 9 10 6 609 609 114 114 502 502 258 258 426 426 287 287
 9 11 2 63 63 525 525
 9 12 5 665 665 385 385 151 151 636 636 142 142
 9 13 6 291 291 617 617 397 397 505 505 300 300 343 343
 9 14 4 34 34 462 462 250 250 254 254
 9 15 2 42 42 303 303
 9 16 3 75 75 532 532 347 347
 10 1 3 383 383 231 231 446 446
 10 2 3 475 475 314 314 163 163
 10 3 5 221 221 172 172 574 574 691 691 594 594
 10 4 5 227 227 176 176 246 246 623 623 243 243
 10 5 5 374 374 228 228 197 197 208 208 178 178
 10 6 6 299 299 98 98 712 712 705 705 327 327 375 375
 10 7 5 336 336 95 95 109 109 175 175 418 418
 10 8 2 361 361 191 191
 10 9 6 201 201 653 653 663 663 110 110 69 69 195 195
 10 10 2 651 651 503 503
 10 11 3 506 506 236 236 224 224
 10 12 5 523 523 709 709 633 633 141 141 575 575
 10 13 2 349 349 439 439
 10 14 6 572 572 149 149 543 543 492 492 3 3 133 133
 10 15 5 345 345 460 460 613 613 118 118 644 644
 10 16 6 154 154 150 150 417 417 672 672 11 11 330 330
