0 12.7306 29 0 8 20 45 33 11 44 32 
1 12.5531 45 34 27 3 38 14 17 22 32 
2 12.579 30 43 27 49 1 46 11 0 6 
3 12.58 31 17 27 34 38 13 43 5 32 
4 12.582 46 22 23 41 20 17 29 15 33 
5 12.6651 11 33 44 20 32 4 46 37 45 
6 12.6446 6 26 17 28 11 37 10 9 32 
7 12.6106 11 21 13 39 43 29 18 38 28 
8 12.6397 8 7 27 32 35 1 14 22 19 
9 12.5795 7 41 32 8 46 22 27 39 49 
10 12.5523 15 18 34 47 28 35 32 9 39 
11 12.6717 21 14 32 45 33 30 22 48 20 
12 12.7309 33 9 21 29 13 0 27 14 32 
13 12.6823 46 30 31 27 15 39 0 32 33 
14 12.5976 45 44 22 23 8 21 17 14 42 
15 12.6622 22 13 30 31 14 8 46 11 6 
16 12.6263 5 15 33 6 30 32 35 22 21 
17 12.6847 11 26 7 15 34 9 12 6 33 
18 12.5981 22 15 28 39 14 38 3 29 5 
19 12.6794 10 32 15 35 47 34 28 1 18 
20 12.6605 20 13 15 12 4 5 22 19 29 
21 12.545 46 27 32 3 21 5 45 6 39 
22 12.6414 40 44 6 38 11 33 25 47 35 
23 12.6407 33 4 30 48 45 35 47 34 32 
24 12.5619 33 49 14 29 35 15 32 22 40 
25 12.7016 33 34 23 1 32 30 16 47 21 
26 12.641 8 47 17 33 34 39 27 5 32 
27 12.7508 38 2 7 17 43 15 47 42 5 
28 12.6086 44 3 6 11 36 0 35 13 14 
29 12.5304 23 37 30 41 6 22 11 47 14 
