0 12.4006 32 15 8 49 
1 12.5366 41 32 34 33 
2 12.5661 33 47 20 11 
3 12.3001 46 33 15 11 
4 12.6112 45 35 6 8 
5 12.3787 28 15 32 8 
6 12.6334 32 45 36 13 
7 12.4684 32 33 46 3 
8 12.5264 32 1 5 22 
9 12.5614 1 8 22 32 
10 12.5457 38 32 41 5 
11 12.4876 46 15 32 42 
12 12.5774 23 6 11 5 
13 12.6533 48 32 19 1 
14 12.4976 41 32 15 33 
15 12.4035 41 32 1 39 
16 12.5989 28 32 3 36 
17 12.4922 33 19 32 24 
18 12.5454 45 41 32 9 
19 12.5923 7 32 39 15 
20 12.4703 32 33 27 8 
21 12.4992 32 20 6 8 
22 12.5852 46 17 32 5 
23 12.6896 34 35 3 1 
24 12.5282 22 14 1 32 
25 12.56 15 13 11 17 
26 12.6177 8 32 28 46 
27 12.3323 7 32 33 49 
28 12.4611 45 32 5 36 
29 12.5559 48 35 1 45 
