0 12.8648 36 23 11 6 43 45 22 8 24 1 4 34 30 17 7 40 
1 12.8586 6 39 25 11 46 19 42 10 9 7 20 2 21 38 41 32 
2 12.9167 14 41 11 42 30 24 47 40 29 1 46 22 15 38 12 16 
3 12.7629 15 45 27 20 30 29 46 11 28 33 17 12 44 4 25 47 
4 12.8973 4 33 45 24 3 48 6 38 27 20 11 47 7 30 19 39 
5 12.8553 39 33 31 13 32 20 22 6 29 4 8 27 10 18 5 19 
6 12.7504 39 23 27 47 25 29 7 32 22 33 31 24 30 1 20 4 
7 12.6857 40 36 9 45 46 16 21 33 47 32 17 5 20 29 27 35 
8 12.7744 8 26 43 33 1 6 25 21 38 29 20 12 44 23 49 18 
9 12.6264 10 15 32 24 30 3 33 22 7 27 36 46 47 19 13 25 
10 12.7966 47 25 22 16 15 17 38 40 20 35 49 29 27 33 19 8 
11 12.8533 33 13 46 6 25 10 15 20 45 47 38 34 31 27 5 21 
12 12.7399 28 11 12 15 39 32 34 23 20 30 13 7 38 3 40 19 
13 12.7725 32 16 46 9 21 17 14 2 5 11 20 38 47 15 19 1 
14 12.7092 4 39 1 29 24 17 27 6 33 14 30 0 25 47 22 11 
15 12.8739 1 8 2 39 27 7 5 14 15 21 24 46 47 17 36 38 
16 12.7482 7 8 11 29 40 21 37 28 46 26 22 12 5 14 20 33 
17 12.871 39 30 20 44 6 26 49 23 42 11 46 15 21 17 45 7 
18 12.7809 33 0 22 48 13 21 25 44 45 6 35 23 19 8 9 43 
19 12.7176 35 46 29 28 5 17 14 24 30 26 33 19 12 31 15 22 
20 12.8128 32 34 38 39 12 42 4 31 35 49 28 36 6 18 30 8 
21 12.8571 33 44 15 30 20 47 46 22 31 2 42 13 17 40 5 38 
22 12.8375 27 13 47 5 21 3 35 20 15 46 22 18 34 33 28 48 
23 12.717 22 12 29 17 34 26 3 20 27 33 45 40 15 44 25 38 
24 12.7818 41 29 3 45 11 21 32 6 24 38 36 14 9 37 5 20 
25 12.6849 29 26 47 13 36 42 30 38 20 39 43 32 33 22 17 44 
26 12.8244 28 37 48 17 23 26 1 20 45 25 4 10 32 6 11 29 
27 12.8758 41 42 9 30 17 7 5 26 47 29 18 46 45 38 27 8 
28 12.8097 45 38 31 33 25 21 8 20 6 2 30 48 27 11 41 26 
29 12.6285 29 10 33 18 43 17 19 27 11 3 15 21 30 22 34 6 
