0 12.9501 28 44 30 46 27 17 36 14 7 47 31 18 42 19 20 15 45 32 21 33 10 35 48 5 24 
1 12.8799 29 12 25 1 16 20 42 0 44 30 37 35 26 11 33 21 46 43 6 10 17 4 5 19 14 
2 12.8259 33 11 29 42 5 43 44 20 15 24 38 30 31 49 23 48 1 0 17 47 21 13 22 14 46 
3 12.9658 40 3 32 29 14 6 35 25 17 8 38 30 42 9 48 18 16 26 36 31 12 10 15 11 28 
4 13.0334 46 30 28 1 3 19 39 17 37 33 32 8 25 26 6 22 29 11 38 5 27 9 34 31 14 
5 13.0623 7 35 1 25 18 22 45 13 26 6 24 33 34 19 48 29 38 47 28 14 17 44 5 37 31 
6 12.8031 47 12 15 21 33 5 36 45 20 39 16 27 14 24 42 29 0 46 22 32 25 8 34 3 7 
7 12.9295 31 22 3 6 33 37 49 20 18 1 32 15 13 14 4 27 47 19 24 17 30 44 5 29 46 
8 13.0258 32 15 39 8 28 30 38 25 18 27 6 45 48 4 0 21 31 42 22 11 17 13 20 9 33 
9 13.0822 20 34 22 35 45 9 18 11 3 39 24 13 48 23 4 21 6 8 43 29 7 27 19 28 32 
10 12.6304 12 47 33 22 21 13 46 32 34 17 28 15 35 0 27 45 20 30 31 36 38 49 6 48 29 
11 12.9379 39 28 43 19 11 16 21 20 42 26 7 14 32 4 5 45 17 8 10 49 34 46 24 23 27 
12 13.0155 27 33 30 0 13 43 38 47 24 21 2 4 22 5 25 31 42 3 39 44 14 11 49 29 35 
13 12.9304 2 7 45 44 46 26 15 33 42 49 35 16 11 4 8 12 14 38 39 20 47 9 27 31 5 
14 12.9475 13 11 25 28 41 26 38 10 4 18 22 32 42 23 29 30 7 12 8 47 36 6 1 5 39 
15 12.9977 48 15 30 2 33 28 32 11 10 20 27 1 45 47 34 7 29 26 24 39 46 21 6 0 22 
16 12.7751 8 28 24 43 9 19 17 0 6 23 11 21 12 22 45 30 13 4 33 29 47 49 32 7 42 
17 12.9592 43 14 19 30 15 36 47 0 38 11 26 35 42 27 17 10 20 7 5 12 29 8 33 45 21 
18 13.032 3 11 10 5 27 7 14 2 32 8 21 22 42 15 38 37 46 13 47 16 17 20 49 25 24 
19 12.898 8 5 27 2 33 22 46 30 41 4 45 36 34 15 29 14 17 40 9 31 21 6 38 32 1 
20 12.9112 16 41 30 45 13 32 4 47 23 3 43 5 46 22 33 17 1 40 38 44 42 39 29 37 36 
21 12.9913 27 37 26 33 11 3 18 40 8 12 36 24 6 44 10 0 13 25 16 17 32 21 49 15 28 
22 13.006 31 16 28 25 45 2 18 42 14 27 21 38 15 29 33 4 36 7 24 30 48 46 22 5 40 
23 12.9886 18 1 44 14 31 15 11 45 36 20 9 30 32 24 4 7 21 33 38 41 46 37 19 26 42 
24 13.0552 27 0 1 18 26 24 30 7 41 15 4 28 17 6 39 14 21 31 45 46 34 3 11 13 38 
25 13.0533 33 19 49 17 14 36 24 12 1 7 29 27 43 11 42 0 38 31 35 45 18 4 23 20 15 
26 12.9496 49 9 3 2 26 47 39 17 15 28 13 41 7 4 1 32 42 11 46 43 23 8 18 34 24 
27 13.0355 49 22 14 17 28 4 44 5 27 34 40 15 33 32 45 25 18 30 24 48 35 46 41 38 29 
28 13.0195 6 36 32 27 9 39 16 15 3 8 13 4 44 22 19 1 33 29 10 40 25 48 34 23 46 
29 12.9504 36 18 35 24 20 9 4 8 45 10 39 47 31 19 11 25 13 12 29 0 7 42 16 34 43 
