.\uniform\train\R101606_0006_002.txt 10 16 6 720 720
 1 1 5 481 481 103 103 199 199 160 160 647 647
 1 2 5 461 461 105 105 279 279 541 541 233 233
 1 3 5 275 275 498 498 116 116 333 333 81 81
 1 4 5 456 456 503 503 228 228 55 55 332 332
 1 5 5 637 637 458 458 212 212 75 75 491 491
 1 6 5 393 393 712 712 720 720 677 677 210 210
 1 7 5 357 357 436 436 262 262 624 624 355 355
 1 8 5 464 464 313 313 268 268 459 459 309 309
 1 9 5 578 578 715 715 265 265 322 322 699 699
 1 10 5 94 94 594 594 527 527 49 49 705 705
 1 11 5 396 396 223 223 312 312 227 227 499 499
 1 12 5 12 12 209 209 400 400 474 474 413 413
 1 13 5 621 621 617 617 490 490 356 356 280 280
 1 14 5 128 128 215 215 451 451 650 650 700 700
 1 15 5 689 689 184 184 152 152 318 318 500 500
 1 16 5 387 387 235 235 619 619 692 692 631 631
 2 1 5 183 183 108 108 361 361 509 509 564 564
 2 2 5 698 698 457 457 348 348 300 300 669 669
 2 3 5 668 668 443 443 267 267 114 114 167 167
 2 4 5 522 522 25 25 610 610 306 306 655 655
 2 5 5 691 691 539 539 430 430 316 316 219 219
 2 6 5 519 519 364 364 685 685 175 175 620 620
 2 7 5 171 171 234 234 489 489 38 38 284 284
 2 8 5 198 198 547 547 247 247 258 258 141 141
 2 9 5 14 14 186 186 307 307 556 556 169 169
 2 10 5 20 20 70 70 158 158 439 439 255 255
 2 11 5 106 106 205 205 664 664 27 27 366 366
 2 12 5 642 642 588 588 369 369 216 216 704 704
 2 13 5 688 688 9 9 426 426 563 563 89 89
 2 14 5 719 719 264 264 358 358 283 283 467 467
 2 15 5 100 100 130 130 117 117 404 404 572 572
 2 16 5 395 395 656 656 149 149 1 1 530 530
 3 1 5 603 603 512 512 260 260 591 591 323 323
 3 2 5 378 378 528 528 684 684 406 406 7 7
 3 3 5 442 442 415 415 344 344 237 237 383 383
 3 4 5 418 418 450 450 407 407 420 420 285 285
 3 5 5 466 466 638 638 243 243 554 554 524 524
 3 6 5 579 579 109 109 478 478 249 249 52 52
 3 7 5 18 18 504 504 62 62 549 549 651 651
 3 8 5 327 327 576 576 250 250 206 206 529 529
 3 9 5 28 28 138 138 254 254 220 220 192 192
 3 10 5 66 66 391 391 537 537 47 47 585 585
 3 11 5 384 384 468 468 288 288 10 10 61 61
 3 12 5 232 232 581 581 185 185 615 615 486 486
 3 13 5 336 336 111 111 609 609 370 370 434 434
 3 14 5 521 521 59 59 595 595 82 82 568 568
 3 15 5 143 143 251 251 687 687 73 73 240 240
 3 16 5 151 151 703 703 8 8 346 346 22 22
 4 1 5 592 592 471 471 543 543 567 567 454 454
 4 2 5 76 76 339 339 423 423 263 263 518 518
 4 3 5 84 84 586 586 661 661 380 380 602 602
 4 4 5 189 189 224 224 50 50 625 625 437 437
 4 5 5 166 166 643 643 639 639 294 294 702 702
 4 6 5 133 133 245 245 299 299 168 168 91 91
 4 7 5 303 303 667 667 469 469 134 134 665 665
 4 8 5 273 273 488 488 558 558 686 686 174 174
 4 9 5 433 433 272 272 706 706 340 340 43 43
 4 10 5 72 72 95 95 177 177 463 463 35 35
 4 11 5 78 78 559 559 546 546 462 462 329 329
 4 12 5 65 65 607 607 575 575 359 359 5 5
 4 13 5 551 551 226 226 673 673 157 157 659 659
 4 14 5 392 392 41 41 137 137 229 229 557 557
 4 15 5 646 646 377 377 606 606 324 324 523 523
 4 16 5 385 385 282 282 663 663 217 217 23 23
 5 1 5 453 453 653 653 296 296 2 2 690 690
 5 2 5 239 239 83 83 649 649 428 428 197 197
 5 3 5 432 432 45 45 589 589 604 604 17 17
 5 4 5 29 29 526 526 341 341 674 674 376 376
 5 5 5 672 672 654 654 416 416 666 666 394 394
 5 6 5 515 515 447 447 460 460 202 202 68 68
 5 7 5 679 679 302 302 601 601 493 493 634 634
 5 8 5 472 472 562 562 58 58 613 613 711 711
 5 9 5 44 44 69 69 345 345 319 319 593 593
 5 10 5 196 196 444 444 381 381 24 24 64 64
 5 11 5 618 618 622 622 347 347 165 165 644 644
 5 12 5 193 193 584 584 124 124 154 154 354 354
 5 13 5 367 367 550 550 614 614 67 67 553 553
 5 14 5 641 641 414 414 483 483 408 408 248 248
 5 15 5 218 218 399 399 626 626 60 60 142 142
 5 16 5 278 278 496 496 241 241 48 48 630 630
 6 1 4 448 448 31 31 85 85 494 494
 6 2 4 569 569 421 421 253 253 242 242
 6 3 4 401 401 3 3 11 11 256 256
 6 4 4 697 697 131 131 495 495 51 51
 6 5 4 648 648 161 161 542 542 115 115
 6 6 4 713 713 693 693 683 683 6 6
 6 7 4 678 678 140 140 482 482 492 492
 6 8 4 125 125 514 514 331 331 417 417
 6 9 4 623 623 277 277 389 389 371 371
 6 10 4 696 696 531 531 362 362 533 533
 6 11 4 343 343 477 477 136 136 608 608
 6 12 4 180 180 600 600 30 30 435 435
 6 13 4 298 298 429 429 178 178 119 119
 6 14 4 314 314 163 163 293 293 616 616
 6 15 4 326 326 126 126 565 565 292 292
 6 16 4 221 221 190 190 580 580 211 211
 7 1 4 112 112 88 88 611 611 645 645
 7 2 4 365 365 561 561 207 207 287 287
 7 3 4 633 633 181 181 480 480 657 657
 7 4 4 77 77 398 398 74 74 520 520
 7 5 4 441 441 682 682 445 445 479 479
 7 6 4 310 310 508 508 269 269 375 375
 7 7 4 694 694 153 153 525 525 222 222
 7 8 4 231 231 40 40 402 402 276 276
 7 9 4 335 335 93 93 629 629 379 379
 7 10 4 328 328 405 405 636 636 350 350
 7 11 4 517 517 204 204 680 680 86 86
 7 12 4 484 484 419 419 182 182 122 122
 7 13 4 144 144 325 325 597 597 577 577
 7 14 4 214 214 13 13 79 79 717 717
 7 15 4 147 147 92 92 39 39 412 412
 7 16 4 716 716 718 718 372 372 505 505
 8 1 4 708 708 351 351 353 353 513 513
 8 2 4 681 681 449 449 403 403 270 270
 8 3 4 146 146 36 36 87 87 63 63
 8 4 4 510 510 473 473 271 271 104 104
 8 5 4 560 560 570 570 374 374 315 315
 8 6 4 71 71 37 37 191 191 446 446
 8 7 4 53 53 311 311 360 360 635 635
 8 8 4 658 658 96 96 583 583 640 640
 8 9 4 200 200 516 516 139 139 90 90
 8 10 4 660 660 338 338 33 33 274 274
 8 11 4 208 208 596 596 411 411 164 164
 8 12 4 135 135 571 571 707 707 16 16
 8 13 4 34 34 15 15 127 127 599 599
 8 14 4 80 80 695 695 201 201 671 671
 8 15 4 156 156 145 145 676 676 113 113
 8 16 4 652 652 32 32 452 452 337 337
 9 1 4 107 107 321 321 97 97 397 397
 9 2 4 297 297 295 295 21 21 534 534
 9 3 4 121 121 252 252 455 455 162 162
 9 4 4 709 709 386 386 155 155 170 170
 9 5 4 628 628 476 476 289 289 382 382
 9 6 4 431 431 213 213 259 259 120 120
 9 7 4 388 388 19 19 261 261 390 390
 9 8 4 195 195 548 548 502 502 291 291
 9 9 4 230 230 123 123 612 612 475 475
 9 10 4 540 540 308 308 410 410 98 98
 9 11 4 179 179 304 304 438 438 536 536
 9 12 4 290 290 675 675 46 46 465 465
 9 13 4 148 148 194 194 587 587 701 701
 9 14 4 54 54 301 301 334 334 566 566
 9 15 4 349 349 352 352 632 632 172 172
 9 16 4 552 552 598 598 662 662 425 425
 10 1 4 99 99 427 427 538 538 535 535
 10 2 4 238 238 440 440 511 511 470 470
 10 3 4 342 342 286 286 244 244 544 544
 10 4 4 605 605 150 150 545 545 497 497
 10 5 4 368 368 187 187 582 582 281 281
 10 6 4 573 573 159 159 590 590 118 118
 10 7 4 710 710 4 4 305 305 129 129
 10 8 4 670 670 506 506 57 57 424 424
 10 9 4 317 317 176 176 246 246 257 257
 10 10 4 330 330 26 26 101 101 102 102
 10 11 4 555 555 409 409 574 574 236 236
 10 12 4 188 188 422 422 132 132 501 501
 10 13 4 42 42 320 320 110 110 225 225
 10 14 4 373 373 266 266 363 363 714 714
 10 15 4 173 173 203 203 532 532 487 487
 10 16 4 485 485 627 627 56 56 507 507
