.\0.5\train\R021608_0008_001.txt 2 16 8 124 124
 1 1 4 116 116 28 28 55 55 86 86
 1 2 6 93 93 1 1 110 110 37 37 73 73 53 53
 1 3 2 99 99 40 40
 1 4 5 9 9 95 95 46 46 87 87 63 63
 1 5 2 102 102 14 14
 1 6 4 6 6 30 30 20 20 111 111
 1 7 1 31 31
 1 8 2 18 18 27 27
 1 9 7 33 33 48 48 25 25 89 89 13 13 15 15 35 35
 1 10 6 4 4 7 7 16 16 5 5 91 91 124 124
 1 11 3 42 42 61 61 10 10
 1 12 3 24 24 122 122 104 104
 1 13 8 70 70 43 43 106 106 36 36 56 56 76 76 88 88 57 57
 1 14 8 115 115 72 72 41 41 92 92 59 59 94 94 85 85 78 78
 1 15 1 34 34
 1 16 1 119 119
 2 1 4 77 77 80 80 84 84 29 29
 2 2 5 60 60 44 44 8 8 19 19 120 120
 2 3 8 23 23 39 39 64 64 97 97 112 112 83 83 108 108 49 49
 2 4 7 11 11 82 82 121 121 45 45 47 47 81 81 58 58
 2 5 3 71 71 22 22 113 113
 2 6 5 38 38 98 98 69 69 118 118 107 107
 2 7 5 50 50 101 101 54 54 17 17 96 96
 2 8 3 117 117 2 2 68 68
 2 9 4 67 67 74 74 75 75 79 79
 2 10 3 90 90 3 3 66 66
 2 11 3 51 51 32 32 123 123
 2 12 1 109 109
 2 13 2 26 26 105 105
 2 14 4 21 21 114 114 62 62 52 52
 2 15 3 65 65 100 100 12 12
 2 16 1 103 103
