.\0.5\train\R021608_0008_002.txt 2 16 8 124 124
 1 1 3 35 35 111 111 78 78
 1 2 2 56 56 105 105
 1 3 6 9 9 6 6 66 66 46 46 65 65 71 71
 1 4 3 19 19 16 16 47 47
 1 5 3 67 67 49 49 87 87
 1 6 3 8 8 53 53 60 60
 1 7 4 45 45 88 88 81 81 61 61
 1 8 8 63 63 58 58 68 68 110 110 101 101 90 90 114 114 21 21
 1 9 4 64 64 84 84 102 102 2 2
 1 10 1 85 85
 1 11 4 33 33 40 40 99 99 95 95
 1 12 3 59 59 42 42 118 118
 1 13 2 89 89 108 108
 1 14 4 112 112 62 62 27 27 24 24
 1 15 2 32 32 69 69
 1 16 3 17 17 23 23 22 22
 2 1 2 116 116 44 44
 2 2 5 92 92 38 38 117 117 36 36 29 29
 2 3 5 74 74 51 51 103 103 15 15 20 20
 2 4 2 7 7 5 5
 2 5 6 72 72 124 124 14 14 75 75 37 37 109 109
 2 6 2 1 1 121 121
 2 7 5 12 12 57 57 77 77 86 86 13 13
 2 8 2 30 30 3 3
 2 9 5 107 107 70 70 34 34 10 10 52 52
 2 10 4 11 11 100 100 48 48 80 80
 2 11 3 28 28 96 96 106 106
 2 12 7 91 91 41 41 76 76 26 26 122 122 119 119 94 94
 2 13 5 104 104 83 83 115 115 43 43 82 82
 2 14 5 31 31 18 18 39 39 97 97 4 4
 2 15 5 120 120 25 25 50 50 113 113 93 93
 2 16 6 54 54 123 123 98 98 73 73 55 55 79 79
