.\0.5\train\R061608_0008_001.txt 6 16 8 380 380
 1 1 3 223 223 296 296 31 31
 1 2 5 377 377 205 205 177 177 146 146 131 131
 1 3 5 139 139 181 181 147 147 283 283 107 107
 1 4 4 317 317 262 262 330 330 10 10
 1 5 6 7 7 69 69 9 9 166 166 369 369 233 233
 1 6 4 170 170 19 19 336 336 228 228
 1 7 6 225 225 304 304 342 342 222 222 55 55 239 239
 1 8 4 312 312 21 21 27 27 152 152
 1 9 7 338 338 358 358 28 28 335 335 363 363 12 12 130 130
 1 10 4 176 176 287 287 237 237 217 217
 1 11 5 60 60 372 372 141 141 66 66 187 187
 1 12 0
 1 13 8 355 355 370 370 164 164 25 25 142 142 240 240 310 310 249 249
 1 14 4 308 308 23 23 290 290 38 38
 1 15 1 73 73
 1 16 5 212 212 284 284 318 318 313 313 269 269
 2 1 5 58 58 350 350 172 172 26 26 87 87
 2 2 0
 2 3 5 292 292 300 300 353 353 294 294 305 305
 2 4 2 244 244 230 230
 2 5 4 346 346 219 219 340 340 29 29
 2 6 8 193 193 165 165 96 96 71 71 67 67 251 251 245 245 46 46
 2 7 1 343 343
 2 8 8 86 86 309 309 347 347 275 275 59 59 216 216 258 258 207 207
 2 9 4 268 268 209 209 40 40 30 30
 2 10 5 169 169 332 332 351 351 15 15 37 37
 2 11 2 221 221 267 267
 2 12 5 354 354 168 168 104 104 270 270 68 68
 2 13 5 76 76 105 105 171 171 188 188 211 211
 2 14 4 99 99 140 140 175 175 199 199
 2 15 5 210 210 92 92 103 103 242 242 286 286
 2 16 1 279 279
 3 1 6 299 299 134 134 200 200 184 184 197 197 291 291
 3 2 2 220 220 34 34
 3 3 2 280 280 154 154
 3 4 4 149 149 325 325 90 90 263 263
 3 5 3 235 235 2 2 303 303
 3 6 8 178 178 203 203 266 266 48 48 374 374 93 93 254 254 16 16
 3 7 4 111 111 113 113 260 260 375 375
 3 8 4 321 321 243 243 224 224 252 252
 3 9 4 129 129 301 301 125 125 64 64
 3 10 2 253 253 57 57
 3 11 3 62 62 133 133 322 322
 3 12 4 315 315 101 101 128 128 174 174
 3 13 1 159 159
 3 14 1 157 157
 3 15 5 121 121 78 78 341 341 35 35 1 1
 3 16 3 271 271 250 250 173 173
 4 1 8 163 163 81 81 11 11 373 373 123 123 331 331 50 50 61 61
 4 2 8 124 124 150 150 65 65 18 18 94 94 143 143 51 51 293 293
 4 3 2 135 135 326 326
 4 4 3 256 256 198 198 348 348
 4 5 4 328 328 185 185 182 182 232 232
 4 6 2 17 17 371 371
 4 7 4 91 91 234 234 311 311 297 297
 4 8 2 190 190 367 367
 4 9 3 41 41 238 238 109 109
 4 10 5 151 151 102 102 357 357 44 44 281 281
 4 11 3 115 115 148 148 98 98
 4 12 2 186 186 116 116
 4 13 2 137 137 316 316
 4 14 4 108 108 5 5 192 192 272 272
 4 15 1 75 75
 4 16 1 42 42
 5 1 4 160 160 344 344 352 352 162 162
 5 2 5 274 274 161 161 194 194 334 334 167 167
 5 3 4 196 196 158 158 247 247 231 231
 5 4 7 379 379 236 236 183 183 276 276 327 327 39 39 32 32
 5 5 3 378 378 89 89 106 106
 5 6 8 248 248 323 323 70 70 278 278 63 63 255 255 22 22 6 6
 5 7 5 80 80 13 13 77 77 201 201 285 285
 5 8 3 118 118 138 138 53 53
 5 9 4 362 362 229 229 366 366 144 144
 5 10 3 288 288 289 289 359 359
 5 11 5 376 376 156 156 356 356 302 302 110 110
 5 12 4 380 380 122 122 337 337 264 264
 5 13 3 195 195 191 191 47 47
 5 14 5 214 214 119 119 365 365 202 202 14 14
 5 15 1 8 8
 5 16 5 265 265 179 179 84 84 206 206 155 155
 6 1 2 333 333 319 319
 6 2 5 54 54 126 126 79 79 3 3 307 307
 6 3 3 85 85 145 145 24 24
 6 4 6 364 364 114 114 241 241 273 273 261 261 246 246
 6 5 1 112 112
 6 6 4 189 189 257 257 180 180 127 127
 6 7 5 4 4 306 306 339 339 120 120 56 56
 6 8 2 49 49 345 345
 6 9 4 204 204 324 324 320 320 36 36
 6 10 4 218 218 97 97 136 136 329 329
 6 11 5 153 153 74 74 282 282 368 368 277 277
 6 12 4 349 349 83 83 88 88 361 361
 6 13 8 132 132 82 82 295 295 227 227 43 43 95 95 33 33 213 213
 6 14 4 117 117 215 215 52 52 259 259
 6 15 8 298 298 45 45 100 100 314 314 226 226 208 208 20 20 72 72
 6 16 1 360 360
