0 12.7205 8 11 18 49 9 45 27 0 36 32 
1 12.7739 5 34 15 44 12 6 24 38 30 47 
2 12.5998 45 34 41 7 11 30 13 22 23 18 
3 12.5163 12 35 13 48 43 27 33 28 29 6 
4 12.5328 37 5 18 22 31 29 38 27 15 1 
5 12.703 30 29 14 6 38 45 11 19 37 12 
6 12.6444 21 14 33 15 4 30 19 43 8 45 
7 12.6321 30 21 7 6 46 47 11 15 32 45 
8 12.6662 17 32 19 10 8 15 23 47 13 39 
9 12.7148 21 6 32 44 41 47 22 33 17 7 
10 12.6137 17 13 33 46 48 30 32 27 1 22 
11 12.6139 5 33 18 1 16 4 34 27 32 39 
12 12.4175 21 29 30 24 14 31 19 43 6 15 
13 12.6693 8 23 21 15 42 13 32 29 17 34 
14 12.6438 15 29 1 46 14 27 35 17 32 22 
15 12.7487 22 7 46 32 39 27 18 24 15 25 
16 12.6982 3 26 43 22 9 8 11 45 33 38 
17 12.6631 26 19 12 4 6 27 8 46 20 7 
18 12.6401 8 49 42 12 15 34 36 39 29 27 
19 12.5337 6 45 15 30 47 21 11 37 2 38 
20 12.6965 24 34 32 45 38 12 29 15 41 36 
21 12.6503 8 3 27 15 33 22 42 46 38 11 
22 12.7343 41 6 21 42 20 11 47 22 17 30 
23 12.773 22 24 15 16 14 13 32 19 46 5 
24 12.583 13 5 46 44 16 32 47 37 29 33 
25 12.6979 28 13 24 6 45 11 21 34 46 22 
26 12.5633 34 32 3 27 15 19 26 28 7 47 
27 12.6457 6 11 30 21 26 32 34 5 46 49 
28 12.536 30 15 36 32 3 47 37 29 18 14 
29 12.7552 34 41 22 29 45 10 3 32 28 13 
