15.9677 15.657 15.7662 15.7135 15.5836 15.256 15.2379 15.8122 15.7449 15.4684 15.9086 15.7687 15.5896 15.9966 15.746 15.2671 15.4757 15.7889 15.6993 15.7215 15.7053 15.5012 15.4017 15.5029 
15.9677 15.4588 15.6295 16.1251 15.8248 15.9949 15.6973 15.4391 15.7799 15.2308 15.5434 15.9713 15.4253 15.5737 15.7861 15.5367 15.5054 15.7242 16.084 16.0188 15.7861 16.0464 15.9142 15.4545 
15.6441 16.163 15.6829 15.4863 15.9859 15.6835 15.7542 15.9553 16.0294 15.5223 15.8726 15.7475 15.6208 15.5189 15.7013 15.7632 15.7042 15.5408 15.4382 15.4081 15.9529 15.3611 15.5769 15.6718 
16.0855 15.6635 16.0096 15.5993 15.4958 15.6484 16.2457 15.2889 15.6911 15.7052 15.8064 15.6264 16.1358 15.8356 15.6142 15.6527 15.4948 15.5585 15.8645 15.7037 15.5918 15.7432 15.8463 15.2885 
15.6441 15.7057 15.3442 15.4515 15.9258 14.961 16.1405 15.653 15.5455 15.7062 16.0983 15.8716 15.4423 15.7542 16.0205 15.8247 15.8321 15.6631 15.8313 15.851 15.4744 15.6882 15.6957 15.4261 
16.0855 15.4764 15.7057 15.524 15.5836 15.9779 15.343 15.5642 15.8619 15.3015 15.4036 15.7605 16.0185 15.4698 15.5574 15.913 15.9716 15.4262 15.7774 15.5408 15.5722 15.9366 15.5848 15.4661 
15.9677 15.2388 16.0819 15.448 16.349 15.384 16.1439 15.5458 15.4078 15.7088 15.4399 15.4607 15.6443 15.5907 15.7119 15.58 15.776 15.4926 15.4329 15.482 15.8198 15.5801 15.9119 15.6278 
15.2099 15.7057 15.9071 15.5673 15.5104 15.903 15.2403 15.5758 15.58 15.8731 15.7963 15.6137 15.9669 15.7368 15.4538 15.288 15.5265 15.677 15.873 15.5578 15.8366 15.7445 15.4175 15.2214 
16.0855 15.6413 16.2723 15.2571 15.795 15.202 15.7945 15.4901 15.8904 15.2222 15.4386 15.6378 15.5732 15.7357 15.7136 15.115 15.7132 15.62 15.6649 15.6143 15.4762 15.4188 15.3721 15.5778 
16.0855 15.6635 15.3791 15.64 15.8051 15.7517 16.1273 15.3218 15.1989 15.509 15.9285 15.6275 15.3063 15.4151 15.8297 15.518 15.1998 15.5503 15.7622 15.5728 15.582 15.5531 15.8072 15.5175 
15.9677 15.5494 15.6981 15.9078 15.6193 15.3321 15.6302 15.6459 16.2304 15.4125 15.6714 15.8913 15.3611 15.6008 15.6502 15.6362 15.5541 15.3385 15.581 15.8865 15.7986 15.539 15.4516 15.4568 
15.9677 15.8267 15.7122 15.5898 15.9928 15.5573 15.6696 15.6586 15.874 15.2803 15.5605 16.1666 15.7022 15.1323 15.6334 15.7185 15.3389 16.167 15.7791 15.4557 15.5258 15.4668 15.808 15.5521 
15.9677 15.6413 15.9436 15.4652 15.3871 14.9692 15.8583 15.5772 15.6573 16.1045 15.8375 15.3835 15.4509 15.4618 15.4348 16.0246 16.0486 15.8262 15.7056 15.5746 15.573 15.6774 15.7926 15.5575 
16.0855 15.0373 15.7632 15.684 16.0669 15.8011 15.6728 15.859 15.53 15.5498 15.7773 15.7016 15.3936 16.2829 16.1264 15.3851 15.9384 15.6703 15.7038 15.7298 16.0022 15.4206 15.4124 15.5314 
16.0855 15.5597 15.8131 15.7008 15.5797 15.7563 15.7428 15.4984 15.8085 16.3244 15.4706 15.911 15.3321 15.5693 15.3813 15.4437 15.7926 15.6966 15.3194 15.536 15.7206 15.5818 15.721 15.4661 
15.6441 15.4882 15.6795 15.3541 15.5696 15.5371 15.5893 15.3819 15.6188 15.8448 15.55 15.646 15.4576 15.775 15.5632 15.6449 15.9095 15.5358 15.8928 15.6862 15.6931 15.4949 15.8159 15.2776 
16.0855 15.657 16.0763 15.8015 15.8119 16.0107 15.8637 15.8358 15.9715 15.3967 15.8686 15.2308 15.6648 15.2208 15.8981 15.794 15.8669 15.5209 15.6915 15.5001 15.5722 15.6017 15.6059 15.6282 
15.9677 15.9375 15.9331 15.358 15.6677 15.6314 15.4845 15.7136 15.2376 15.5941 15.6216 15.4378 15.7141 15.6235 15.7371 15.6107 15.7359 15.3845 15.7046 16.1862 16.045 15.9191 15.7137 15.672 
15.6441 15.4667 15.8607 16.0249 15.6951 15.4215 15.5958 15.9696 15.5747 15.9891 15.578 15.4064 15.6954 15.4847 15.4636 15.6289 15.9185 15.4761 15.6931 16.1247 15.503 15.6765 15.5618 15.6085 
15.9677 15.473 15.6276 15.3856 15.6428 15.3944 15.7383 15.4175 16.0534 15.7609 15.7776 15.9759 15.9087 15.4216 15.2591 15.544 15.4491 15.7105 15.8659 15.8581 15.6064 15.5484 15.6634 15.501 
15.9677 15.2549 15.7403 15.4155 16.3893 15.6667 15.6496 15.538 15.9373 15.4837 15.9214 15.531 15.7612 15.5076 15.5528 15.5618 15.7892 15.4772 15.4754 15.7509 15.8488 15.5787 15.694 15.5358 
16.0855 15.473 15.7751 15.6244 15.8751 15.8581 15.6719 15.7314 15.502 15.5399 15.231 15.5113 15.4056 16.0278 15.8303 15.6052 15.7511 15.3329 15.7835 15.4679 15.816 15.5049 15.6169 15.4301 
15.9677 15.4882 15.5496 15.8001 15.6361 15.5374 15.5763 15.7155 15.4306 15.7411 16.0157 15.5422 16.0412 15.2678 15.8646 15.8618 15.7867 15.7754 15.8425 16.3027 15.6317 15.4493 15.759 15.6669 
15.6441 15.4588 15.4188 15.6168 15.6654 15.6191 15.4032 15.2427 15.7214 15.626 15.9841 15.6516 16.043 15.4263 15.7834 15.4326 16.0121 15.3061 15.5072 15.8714 15.7913 16.0013 15.4908 15.5759 
15.9677 15.6615 15.5724 16.1809 15.9543 15.4077 15.4161 15.7666 15.7324 15.917 15.487 15.3196 15.9323 15.6354 15.954 16.0328 15.6599 15.8166 15.7663 15.5153 15.5696 15.5668 15.8169 15.394 
15.2099 15.7057 16.0155 15.1021 15.3699 15.6478 15.664 15.832 16.0602 15.9926 15.787 15.9201 15.6066 15.9233 16.0128 15.7748 15.8828 15.7841 15.4724 15.7515 15.4776 16.1538 15.9087 15.5606 
15.9677 15.2549 15.9772 15.1419 15.9662 16.1015 15.7026 15.3475 15.9731 15.751 15.9295 15.4182 15.8838 15.2801 15.6634 15.2067 15.8769 15.513 15.6201 15.5915 15.4287 15.4997 15.3243 15.4627 
15.9677 15.4882 15.7403 15.6251 15.449 15.3539 15.8778 16.0664 15.6893 16.0829 15.691 15.375 15.5862 15.6154 15.6599 15.3187 15.7347 15.1948 15.538 15.6494 15.32 15.5496 15.3758 15.4568 
15.9677 15.6413 15.5874 15.3077 15.6021 15.6547 15.6398 15.7146 16.1982 15.9484 15.8414 15.5626 15.5106 15.5278 15.3754 15.449 15.7056 15.4499 15.9239 15.9496 16.0038 15.9557 15.8073 15.5521 
16.0855 15.8267 15.8961 15.4582 15.7985 15.6498 15.8111 15.8392 15.8518 15.525 15.7018 15.7983 15.817 15.5944 15.4127 15.4381 15.8966 15.5518 15.4183 15.5591 15.5696 15.4947 15.5596 15.6059 

15.2099 15.0373 15.3442 15.1021 15.3699 14.961 15.2379 15.2427 15.1989 15.2222 15.231 15.2308 15.3063 15.1323 15.2591 15.115 15.1998 15.1948 15.3194 15.4081 15.32 15.3611 15.3243 15.2214 
15.9677 15.6005 15.75175 15.57855 15.6814 15.6396 15.672350000000002 15.64945 15.73865 15.6656 15.77745 15.63265 15.632549999999998 15.5822 15.68235 15.592600000000001 15.763549999999999 15.55105 15.7042 15.6678 15.619050000000001 15.57275 15.6787 15.52445 
16.0855 16.163 16.2723 16.1809 16.3893 16.1015 16.2457 16.0664 16.2304 16.3244 16.0983 16.1666 16.1358 16.2829 16.1264 16.0328 16.0486 16.167 16.084 16.3027 16.045 16.1538 15.9142 15.672 
15.898586666666667 15.575456666666668 15.771953333333332 15.57855 15.753260000000001 15.589006666666666 15.69941 15.633253333333334 15.746076666666667 15.670406666666667 15.717973333333333 15.648883333333334 15.666366666666667 15.60019 15.6797 15.585683333333334 15.728246666666667 15.58566 15.690403333333332 15.713933333333333 15.676476666666666 15.641796666666666 15.647596666666667 15.508213333333334 
0.23879716213489272 0.22008734266717592 0.2160880818704188 0.2594178851543028 0.2505290410587026 0.2857089197952607 0.24934970367766213 0.21356009044267882 0.2576152352575087 0.2774839006617082 0.211254779881991 0.22482435455772756 0.23900303609863996 0.24935093722813995 0.2118475199858094 0.2300657718301794 0.20576788518792874 0.19699136616823493 0.17939154918652153 0.22917577854403465 0.1860704551087243 0.20713219414319622 0.18032026199253776 0.1130117776386934 
