7976.14
5882.95
8861.76
8229.03
9264.89
11868.3
11811.8
15239.4
16347.5
17703.9
19201.1
20630.3
19762.0
26415.3
25340.5
26831.6
28239.7
29584.2
31574.5
39114.2
48668.0
48792.5
54764.3
69411.0
7976.14 5882.95 8861.76 8229.03 9264.89 11868.3 11811.8 15239.4 16347.5 17703.9 19201.1 20630.3 19762.0 26415.3 25340.5 26831.6 28239.7 29584.2 31574.5 39114.2 48668.0 48792.5 54764.3 69411.0 
7976.14 5882.95 8861.76 8229.03 9264.89 11868.3 11811.8 15239.4 16347.5 17703.9 19201.1 20630.3 19762.0 26415.3 25340.5 26831.6 28239.7 29584.2 31574.5 39114.2 48668.0 48792.5 54764.3 69411.0 
7976.14 5882.95 8861.76 8229.03 9264.89 11868.3 11811.8 15239.4 16347.5 17703.9 19201.1 20630.3 19762.0 26415.3 25340.5 26831.6 28239.7 29584.2 31574.5 39114.2 48668.0 48792.5 54764.3 69411.0 
7976.14 5882.95 8861.76 8229.03 9264.89 11868.3 11811.8 15239.4 16347.5 17703.9 19201.1 20630.3 19762.0 26415.3 25340.5 26831.6 28239.7 29584.2 31574.5 39114.2 48668.0 48792.5 54764.3 69411.0 
