0 12.9274 20 17 5 27 32 10 38 1 22 48 13 9 49 11 33 25 28 42 30 37 31 41 44 46 29 
1 12.9255 49 3 29 11 36 35 24 10 27 5 9 20 16 7 38 32 31 14 33 17 47 1 12 45 48 
2 12.9282 8 45 6 13 40 31 22 42 20 47 30 46 23 24 29 38 0 14 27 37 17 3 26 15 32 
3 12.8716 38 13 21 32 27 23 41 46 3 45 17 1 11 31 14 37 35 22 25 44 29 43 36 18 33 
4 12.9459 38 11 22 41 30 27 45 20 37 29 5 47 17 43 15 26 10 1 49 9 12 4 19 33 25 
5 12.9301 0 29 20 46 26 22 49 30 31 35 13 21 47 6 36 18 38 14 12 40 17 45 34 42 37 
6 12.9239 39 15 19 33 40 0 14 9 22 37 28 3 13 35 47 24 1 20 29 17 32 49 34 11 46 
7 12.81 12 25 29 15 30 31 44 40 32 14 46 26 3 41 1 21 35 6 38 47 33 24 17 45 13 
8 12.9594 18 6 15 17 31 2 22 40 23 32 25 49 11 27 39 19 8 38 9 28 30 16 4 34 7 
9 12.9238 14 21 46 40 20 4 38 47 24 45 6 17 34 1 22 29 19 12 32 28 27 39 3 33 36 
10 12.9192 33 14 45 0 35 1 6 11 32 38 5 40 41 18 31 8 22 17 24 46 34 25 19 29 2 
11 12.9029 1 4 25 17 21 12 45 29 19 24 3 32 33 14 6 11 43 15 5 27 10 44 9 37 30 
12 12.8078 23 6 5 45 33 34 46 17 15 4 18 30 47 3 36 27 25 26 19 11 22 40 24 32 13 
13 12.9884 9 43 0 17 27 24 25 33 37 48 22 21 5 45 30 34 32 42 38 6 4 13 7 1 11 
14 12.9264 32 45 19 47 30 20 38 13 24 0 5 42 1 22 26 21 28 31 41 8 17 29 36 46 6 
15 12.8927 31 14 17 8 30 13 27 34 48 6 15 21 33 49 5 45 24 42 20 37 26 44 22 35 19 
16 12.8965 10 49 34 19 31 8 41 42 45 30 22 32 6 26 33 17 37 24 1 11 21 15 47 0 44 
17 12.8422 22 30 0 11 6 41 1 19 47 48 46 42 7 27 36 29 23 45 49 33 2 17 37 38 14 
18 13.0124 24 27 11 17 6 35 45 26 12 30 3 18 46 49 22 19 31 25 15 23 5 20 37 4 33 
19 12.9877 12 45 42 34 40 3 0 14 33 17 27 5 25 46 26 39 15 21 8 1 35 28 20 38 22 
20 12.8428 23 34 14 38 12 16 5 29 41 45 40 0 20 22 24 11 27 33 35 19 4 3 26 6 30 
21 12.8943 36 1 22 8 6 11 28 43 21 33 29 7 49 24 31 46 47 14 10 37 27 3 15 38 4 
22 13.0253 20 5 21 11 13 28 42 32 40 34 31 27 45 35 9 15 17 29 6 0 14 24 4 36 25 
23 12.9668 10 30 42 45 22 19 23 32 14 47 11 41 38 17 18 39 1 13 37 49 15 5 27 33 46 
24 12.941 40 49 9 19 4 2 44 39 11 21 3 8 32 18 33 23 7 22 14 28 16 34 24 31 17 
25 12.7715 15 45 40 21 1 36 44 6 4 47 38 3 39 33 27 0 22 42 29 34 49 14 46 30 43 
26 12.7569 36 8 7 24 27 11 15 25 4 49 47 6 13 30 21 22 32 44 29 33 43 35 14 1 17 
27 12.9104 27 24 1 4 9 7 6 46 14 31 22 15 18 30 29 11 8 37 17 26 5 33 42 19 43 
28 12.8998 33 15 6 31 0 45 20 3 34 42 22 1 16 29 44 11 49 35 17 32 47 39 21 10 30 
29 12.8903 41 34 33 6 19 24 48 36 30 44 29 38 15 31 35 14 1 28 11 45 40 17 46 5 22 
