0 12.878 15 7 10 17 20 11 6 8 9 2 21 13 22 23 
1 12.8441 8 17 1 7 5 14 29 15 11 2 4 21 27 9 
2 12.8251 27 8 6 22 21 11 5 26 7 12 15 20 16 28 
3 12.7847 17 6 1 4 26 18 25 29 28 8 0 21 11 3 
4 12.8747 2 25 24 22 23 12 19 8 7 5 27 28 15 6 
5 12.7958 14 17 20 22 27 13 25 23 11 29 4 8 28 7 
6 12.7924 14 21 16 7 9 27 8 17 26 20 29 15 11 25 
7 12.8819 5 29 26 13 28 16 11 0 4 27 25 17 6 22 
8 12.9236 9 4 5 25 8 6 27 26 13 22 7 0 17 11 
9 12.936 3 22 13 7 21 1 8 9 23 12 20 4 29 6 
10 12.9276 9 13 26 17 23 5 4 29 16 6 0 7 11 28 
11 12.8528 24 4 6 1 7 15 3 27 26 8 23 28 19 22 
12 12.9652 8 20 19 18 14 7 28 1 6 11 23 4 17 24 
13 12.7681 11 16 28 20 22 26 17 6 12 27 13 18 25 29 
14 12.856 11 17 19 25 28 22 4 15 3 21 7 23 27 8 
15 12.8819 6 27 1 24 7 20 0 15 18 16 11 21 8 12 
16 12.8111 8 24 1 19 23 7 18 29 21 0 22 5 6 11 
17 12.8173 11 22 25 18 2 4 0 19 8 27 7 15 29 21 
18 12.8855 17 6 1 7 13 9 3 24 21 27 29 15 22 14 
19 12.8323 5 21 15 6 24 22 20 4 13 27 7 17 11 25 
20 12.7054 4 14 22 5 8 1 7 29 24 27 28 11 17 21 
21 12.8227 27 12 24 4 7 5 16 0 21 8 14 20 29 15 
22 12.7633 18 6 23 21 0 5 17 16 22 13 11 25 26 20 
23 12.7626 25 29 8 9 14 12 1 17 26 11 16 21 6 22 
24 12.8383 8 28 23 15 20 24 11 3 7 1 22 21 4 6 
25 12.8436 18 15 12 6 0 8 11 21 27 14 4 7 19 5 
26 12.8599 1 19 12 7 0 8 15 29 9 22 23 13 3 27 
27 12.8488 29 19 4 22 23 6 8 27 7 20 18 2 11 3 
28 12.8538 26 11 16 8 28 21 14 22 7 18 10 23 15 17 
29 12.8357 16 14 21 9 4 7 20 8 27 5 11 3 26 29 
