0 12.6088 19 1 
1 12.6088 1 19 
2 12.6088 1 19 
3 12.6088 1 19 
4 12.6088 19 1 
5 12.6595 19 6 
6 12.6088 19 1 
7 12.6088 19 1 
8 12.6088 1 19 
9 12.6088 19 1 
10 12.6595 6 19 
11 12.6088 1 19 
12 12.6088 1 19 
13 12.6088 1 19 
14 12.6088 19 1 
15 12.6088 19 1 
16 12.6088 19 1 
17 12.6088 1 19 
18 12.6088 1 19 
19 12.6088 1 19 
20 12.6088 1 19 
21 12.6088 1 19 
22 12.6088 1 19 
23 12.6088 19 1 
24 12.6088 1 19 
25 12.6088 19 1 
26 12.6088 19 1 
27 12.6088 1 19 
28 12.6088 19 1 
29 12.6088 1 19 
