0 12.7627 8 16 20 18 24 15 17 
1 12.8658 20 4 27 22 15 1 3 
2 12.585 6 21 27 11 1 20 22 
3 12.7396 13 17 29 15 8 21 24 
4 12.8278 14 7 17 5 23 21 13 
5 12.7515 17 28 1 8 6 19 9 
6 12.655 29 17 4 23 13 22 15 
7 12.7199 20 6 21 8 15 19 3 
8 12.7112 22 6 16 15 21 17 20 
9 12.6369 21 22 5 19 17 27 13 
10 12.7229 29 1 22 11 7 10 20 
11 12.7673 15 7 10 24 21 5 28 
12 12.7994 11 1 27 17 8 0 28 
13 12.8244 25 21 29 17 13 27 12 
14 12.7042 27 5 4 6 15 29 22 
15 12.687 22 19 14 20 13 15 21 
16 12.7453 21 7 26 8 28 5 29 
17 12.6986 29 27 16 13 22 17 21 
18 12.7058 8 21 7 26 5 14 17 
19 12.7602 27 6 0 16 4 15 25 
20 12.8142 22 11 29 12 25 9 6 
21 12.8061 19 23 28 8 6 9 2 
22 12.7295 15 20 19 29 6 22 2 
23 12.6132 25 22 28 4 21 26 6 
24 12.7183 17 29 6 25 27 21 28 
25 12.7489 21 4 22 7 6 28 17 
26 12.7147 23 22 29 13 27 15 3 
27 12.7111 22 6 28 7 25 19 21 
28 12.8182 27 25 17 13 24 22 21 
29 12.6777 27 24 15 17 13 14 22 
