0 12.9499 23 19 7 11 15 0 24 4 8 10 17 21 28 2 26 22 25 16 29 12 
1 12.9564 5 12 13 19 2 11 28 7 10 21 22 23 29 8 16 9 27 20 24 25 
2 12.9353 20 17 9 18 8 28 2 7 23 1 14 10 22 5 24 26 29 19 11 27 
3 12.9646 17 14 2 5 9 28 16 22 15 11 23 0 27 29 10 8 18 13 7 4 
4 12.9979 27 8 17 7 18 11 28 13 14 20 22 12 10 16 19 5 23 26 6 15 
5 12.9543 29 6 15 0 17 25 11 18 3 16 14 10 27 9 21 1 8 26 28 23 
6 12.9958 17 29 18 15 14 5 24 12 21 28 9 6 7 8 22 26 23 27 4 11 
7 12.9821 14 21 22 28 12 19 0 9 5 7 11 16 24 10 6 3 18 27 8 29 
8 12.9246 21 27 1 14 11 10 24 28 6 17 5 19 29 23 15 9 18 7 8 4 
9 12.9834 15 27 29 17 28 21 9 8 12 25 11 10 18 24 5 0 23 19 3 7 
10 12.9968 8 11 14 12 17 5 15 29 7 16 18 4 28 25 6 27 26 10 21 9 
11 12.9321 20 26 6 8 17 4 13 11 22 21 27 7 5 0 29 3 2 15 1 16 
12 12.9654 29 8 21 17 5 0 10 7 22 19 4 18 15 14 11 12 27 28 16 6 
13 12.9564 12 18 7 14 23 13 28 11 22 4 26 0 15 20 29 8 16 24 10 1 
14 12.9726 21 18 11 10 25 26 0 29 4 13 14 16 17 9 1 15 8 28 12 7 
15 12.9794 15 21 4 12 16 11 20 7 23 3 5 13 9 2 24 18 19 22 8 14 
16 12.9733 0 27 24 14 28 12 29 4 2 9 11 20 7 15 5 22 19 23 8 16 
17 12.8629 11 14 19 6 0 15 22 12 8 13 21 4 20 23 5 18 24 28 29 7 
18 12.9359 6 28 8 11 17 13 7 18 0 29 15 24 2 10 23 22 9 20 4 14 
19 12.9882 27 7 6 14 8 5 16 12 1 10 26 3 22 28 18 0 11 23 4 29 
20 12.9686 7 14 17 12 16 10 27 20 8 3 9 26 29 19 24 28 22 21 23 11 
21 12.9062 28 22 1 24 10 23 15 8 7 19 20 13 11 18 21 2 6 4 14 27 
22 12.9399 14 23 7 19 11 10 9 21 17 24 8 12 16 26 28 18 15 4 2 25 
23 12.9746 25 10 5 26 9 4 6 29 0 23 13 8 14 27 18 28 21 11 15 16 
24 12.9805 6 10 1 28 16 18 0 8 21 29 17 4 23 27 15 7 24 22 11 9 
25 12.9707 28 29 9 1 23 4 27 7 11 21 2 18 22 10 5 15 19 6 20 8 
26 12.985 29 20 23 16 14 22 4 9 24 17 21 25 5 18 12 8 19 28 7 27 
27 12.9354 11 18 17 28 21 14 8 13 10 9 29 5 1 22 27 26 6 16 25 0 
28 12.9157 11 17 22 26 24 18 8 20 19 29 4 14 28 6 9 10 1 23 13 5 
29 12.9968 23 22 15 1 8 24 28 14 17 6 16 4 11 7 0 26 5 9 18 12 
