0 12.7947 1 29 17 13 3 23 7 28 20 24 27 15 21 
1 12.8201 25 26 28 5 16 29 22 17 1 0 23 18 11 
2 12.8086 12 5 7 15 11 0 13 6 27 8 17 20 21 
3 12.8613 15 7 25 14 8 4 17 13 20 6 11 26 21 
4 12.7764 29 0 11 6 28 16 13 9 15 25 19 17 1 
5 12.8348 28 27 7 18 17 11 24 19 1 12 21 8 25 
6 12.8628 15 17 8 20 29 16 13 22 24 14 2 18 21 
7 12.9453 19 27 8 6 0 14 21 17 3 15 18 11 7 
8 12.9245 25 9 12 27 18 28 26 20 10 4 17 8 11 
9 12.9137 10 23 5 7 14 19 28 2 6 24 8 29 22 
10 12.8727 13 16 15 20 24 0 8 17 5 27 29 11 18 
11 12.9306 14 6 15 8 27 18 0 1 3 7 11 17 21 
12 12.9417 4 10 5 7 17 11 13 21 19 15 9 28 1 
13 12.8412 15 11 29 14 7 22 20 2 24 9 16 6 17 
14 12.9846 8 13 5 24 21 4 15 28 22 1 18 6 29 
15 12.8676 26 19 28 15 20 8 14 24 17 5 7 18 27 
16 12.925 6 28 1 23 7 16 14 10 11 18 8 15 24 
17 12.7804 14 18 22 3 15 29 21 8 17 24 28 4 5 
18 12.8917 21 11 6 14 4 7 2 19 18 0 8 15 5 
19 12.8638 9 7 17 28 11 15 8 4 13 3 21 23 5 
20 12.9831 2 28 16 21 0 7 20 8 6 13 15 11 5 
21 12.9007 22 13 29 26 9 28 6 11 18 25 1 17 5 
22 12.9138 2 5 6 0 16 29 10 17 13 11 18 25 27 
23 12.8882 29 15 17 21 22 18 16 24 14 11 5 20 19 
24 12.8661 7 19 29 8 28 24 20 16 11 26 23 15 9 
25 13.0297 5 7 27 2 9 12 28 4 22 20 24 13 8 
26 12.9035 25 16 20 18 5 14 7 17 8 15 23 13 27 
27 12.8937 20 28 1 24 23 17 15 21 14 6 27 3 26 
28 12.9272 7 19 21 18 6 17 26 28 25 10 4 15 16 
29 12.9456 8 16 15 7 26 28 19 6 21 29 14 24 5 
