0 12.6144 13 19 32 
1 12.3013 32 6 39 
2 12.5666 19 32 8 
3 12.4476 45 32 39 
4 12.4642 20 32 36 
5 12.431 32 33 39 
6 12.6161 15 32 42 
7 12.4642 36 32 20 
8 12.393 13 32 39 
9 12.5104 15 46 1 
10 12.431 32 33 39 
11 12.3959 32 44 39 
12 12.6407 19 32 15 
13 12.5237 42 32 39 
14 12.6294 1 39 32 
15 12.5104 15 46 1 
16 12.6664 39 8 47 
17 12.5808 39 31 32 
18 12.2713 30 32 36 
19 12.5211 39 32 11 
20 12.3483 33 32 36 
21 12.543 32 19 45 
22 12.5673 15 46 3 
23 12.5718 32 30 19 
24 12.5796 39 25 32 
25 12.6118 39 41 19 
26 12.6144 13 19 32 
27 12.2713 30 36 32 
28 12.201 39 30 32 
29 12.5211 32 39 11 
