0 12.6407 32 6 35 17 34 1 
1 12.6284 5 47 39 30 15 1 
2 12.3732 28 39 32 11 27 33 
3 12.6805 30 8 44 32 22 31 
4 12.426 49 39 24 20 47 32 
5 12.5874 32 17 48 30 11 39 
6 12.6618 1 32 7 46 23 29 
7 12.5499 8 47 32 5 41 34 
8 12.6544 27 19 4 8 20 44 
9 12.5882 39 15 11 36 32 19 
10 12.5735 21 17 39 32 33 6 
11 12.6449 18 17 33 39 35 32 
12 12.4876 38 11 22 32 33 31 
13 12.6307 30 8 20 41 11 33 
14 12.3624 39 27 42 32 34 5 
15 12.6007 39 46 18 1 32 11 
16 12.5683 38 22 25 11 9 6 
17 12.5719 1 6 27 32 9 34 
18 12.5747 21 6 23 45 28 32 
19 12.5129 33 32 21 13 27 3 
20 12.421 47 32 40 1 19 39 
21 12.5968 15 45 30 32 27 29 
22 12.6512 29 28 39 11 32 15 
23 12.4272 39 33 7 3 32 35 
24 12.537 34 4 17 16 22 13 
25 12.5596 5 8 39 37 15 32 
26 12.6917 30 11 15 9 1 22 
27 12.4266 41 14 29 15 32 36 
28 12.5324 15 11 36 47 8 32 
29 12.5963 30 22 4 39 17 13 
