0 12.6941 28 30 47 4 33 39 29 42 6 16 20 15 27 34 46 
1 12.7423 38 6 44 23 39 7 19 11 14 46 45 21 27 15 30 
2 12.6865 43 19 22 15 21 39 23 13 7 28 6 30 29 49 8 
3 12.742 10 39 33 6 1 22 34 17 35 13 44 8 42 43 32 
4 12.7845 33 35 38 18 6 20 14 29 46 30 32 39 47 15 0 
5 12.5991 28 36 4 20 29 11 21 27 38 3 22 15 41 34 33 
6 12.7965 38 16 14 27 1 46 19 32 3 30 4 24 17 15 6 
7 12.7024 27 14 3 49 41 45 13 15 24 47 7 18 29 46 32 
8 12.7407 34 1 33 22 18 44 23 20 35 21 29 5 39 14 17 
9 12.6212 14 33 31 5 19 22 39 3 6 46 15 13 38 24 21 
10 12.6242 28 45 38 21 30 47 22 9 46 14 11 15 33 6 29 
11 12.6375 28 32 23 45 8 19 39 47 20 34 42 35 1 27 13 
12 12.7 22 19 45 36 27 47 21 15 17 24 38 41 25 42 29 
13 12.8247 30 47 26 15 48 3 5 31 13 21 29 34 33 27 24 
14 12.6975 33 34 45 32 15 46 23 20 36 21 16 6 17 29 35 
15 12.7438 46 49 32 24 4 37 28 15 29 27 3 39 30 36 33 
16 12.8155 7 30 31 10 49 11 42 1 38 13 46 17 8 27 29 
17 12.7331 28 46 39 13 32 16 22 10 45 7 40 19 47 15 9 
18 12.774 39 4 35 44 1 34 47 31 19 7 32 12 46 22 27 
19 12.7481 42 38 40 11 18 45 6 43 28 48 24 29 8 35 33 
20 12.5901 46 35 17 32 31 11 20 29 22 6 16 49 30 39 14 
21 12.7535 6 33 14 13 38 29 4 36 48 21 31 25 17 32 47 
22 12.7936 11 34 1 35 45 6 9 49 26 22 42 32 39 31 3 
23 12.7259 39 33 14 29 8 6 27 47 22 30 24 36 13 38 0 
24 12.7253 28 29 20 10 2 38 31 17 33 5 21 30 41 19 24 
25 12.6911 20 34 38 32 36 15 41 42 22 29 45 46 39 0 14 
26 12.7722 2 17 14 12 5 32 15 33 6 34 4 36 21 46 29 
27 12.8348 21 8 45 13 15 43 20 17 46 42 26 37 11 6 18 
28 12.7614 12 42 6 30 38 5 39 14 33 49 22 21 47 29 26 
29 12.7063 16 45 15 41 23 36 1 20 21 32 29 34 44 27 47 
