0 12.8117 16 1 6 5 27 11 23 0 28 
1 12.8028 20 11 16 22 2 27 15 29 6 
2 12.7217 9 17 20 15 28 23 29 1 27 
3 12.8118 7 24 22 3 15 19 6 21 14 
4 12.8444 15 16 4 8 29 7 23 6 22 
5 12.7362 15 27 25 6 28 22 21 17 2 
6 12.7368 25 15 29 20 2 19 13 27 22 
7 12.7708 27 29 18 20 24 13 22 26 16 
8 12.8401 25 21 15 3 17 22 14 6 19 
9 12.895 10 9 28 22 1 29 17 11 20 
10 12.7488 24 22 6 17 28 11 4 8 9 
11 12.7961 6 17 11 5 25 7 4 22 28 
12 12.6075 13 11 25 22 21 27 20 17 28 
13 12.7434 23 8 4 1 18 22 29 13 28 
14 12.7835 22 6 29 12 26 5 11 28 18 
15 12.8052 0 11 10 25 4 16 27 5 6 
16 12.7868 29 17 4 22 28 16 0 18 11 
17 12.7952 6 19 24 15 21 11 5 14 27 
18 12.8725 29 24 21 16 6 14 12 17 27 
19 12.8644 7 25 4 20 21 16 17 8 15 
20 12.7274 27 17 24 29 8 12 3 21 13 
21 12.8189 13 29 22 20 12 15 27 26 24 
22 12.595 15 23 27 17 14 21 13 6 1 
23 12.7162 27 13 0 20 22 21 3 28 29 
24 12.8509 7 14 20 26 17 22 15 21 13 
25 12.7384 5 13 22 14 8 11 17 19 20 
26 12.7424 22 28 6 29 4 12 27 7 5 
27 12.6431 29 9 24 17 15 13 5 21 22 
28 12.741 27 6 11 18 0 22 28 17 13 
29 12.7176 5 17 19 22 27 1 2 15 14 
