0 23632 23790 41 30 35 33 28 21 48 22 49 8 3 0 16 27 12 40 29 11 32 13 9 46 14 17 37 44 2 47 39 7 
1 23588 23724 26 1 18 33 7 37 5 39 43 6 40 16 45 9 14 21 31 28 46 49 44 29 41 3 24 2 42 32 19 35 
2 23631 23879 34 23 37 25 3 4 11 27 15 29 2 46 42 38 7 49 22 33 5 16 9 1 39 44 0 31 10 41 28 18 
3 23624 23722 38 33 39 24 11 23 18 2 27 14 34 35 8 16 15 49 1 22 9 37 0 29 17 7 4 30 44 21 26 42 
4 23631 23809 38 40 5 27 45 6 41 2 0 16 49 44 46 14 32 4 15 8 42 9 26 30 11 12 18 13 25 39 48 1 
5 23622 23793 15 1 43 34 30 48 27 9 46 19 42 21 33 4 0 41 22 3 38 2 12 44 7 28 13 31 25 17 32 6 
6 23622 23832 29 4 0 24 44 16 27 31 43 38 28 20 49 10 48 18 45 2 25 8 47 30 42 37 1 40 15 14 41 23 
7 23631 23719 23 16 15 24 13 9 46 33 21 20 5 43 49 40 2 38 30 34 41 37 44 42 6 28 29 48 3 35 47 0 
8 23637 23801 17 16 38 12 15 29 44 5 43 7 33 6 48 8 27 23 49 28 25 14 3 1 18 40 42 11 30 47 9 2 
9 23634 23727 33 40 26 18 21 0 1 3 6 41 47 5 2 35 42 17 19 49 7 12 36 29 30 38 11 34 31 39 13 44 
10 23622 23747 7 1 41 40 44 28 36 45 46 29 49 24 32 6 34 30 11 0 16 9 17 10 42 43 2 27 4 38 26 39 
11 23618 23789 18 25 30 48 1 29 2 0 47 14 23 41 27 31 3 35 17 5 44 39 24 32 15 38 37 34 49 4 45 26 
12 23632 23858 10 41 25 20 44 47 48 43 11 9 15 24 38 1 46 33 42 40 32 0 35 14 28 49 23 22 13 27 2 30 
13 23615 23748 10 41 13 1 20 48 17 29 33 27 36 45 47 11 6 31 32 4 8 24 49 46 14 35 28 21 26 37 18 5 
14 23599 23715 43 32 25 11 9 4 29 14 2 5 17 30 34 1 3 13 35 45 18 0 46 33 6 38 31 7 42 44 8 48 
15 23608 23743 46 18 47 24 48 2 39 3 37 14 21 49 23 6 30 38 5 32 20 7 44 25 35 1 29 0 42 17 43 8 
16 23623 23764 20 30 32 19 3 18 49 41 39 45 2 25 37 31 4 23 34 14 40 44 1 33 28 6 0 48 5 35 42 9 
17 23621 23794 36 37 3 11 43 38 40 22 25 42 8 9 27 48 24 39 44 7 21 5 15 30 0 14 31 32 1 28 6 20 
18 23614 23779 42 22 44 29 41 31 43 28 35 24 47 5 19 23 40 7 14 17 3 6 9 48 2 30 26 27 38 1 39 4 
19 23630 23724 20 47 33 39 29 44 28 41 43 27 46 11 0 16 26 48 2 22 6 31 18 34 9 7 30 12 21 4 38 17 
20 23620 23756 28 44 49 41 6 11 42 38 46 17 9 45 30 33 14 37 3 35 21 48 13 0 18 36 16 39 34 5 1 8 
21 23625 23832 27 44 35 39 18 31 26 40 16 1 0 22 42 25 5 4 10 30 49 23 13 33 38 28 20 24 34 46 6 8 
22 23622 23846 30 18 44 46 11 40 41 49 25 21 38 17 7 5 1 45 42 2 47 10 27 3 8 35 14 16 6 37 33 31 
23 23590 23807 18 15 41 16 27 9 20 1 8 13 43 22 33 31 48 35 14 6 49 36 40 11 19 38 28 37 44 4 30 2 
24 23620 23752 36 20 32 45 17 28 5 46 9 16 44 31 29 37 11 39 42 4 49 33 1 22 27 13 26 14 7 6 3 0 
25 23621 23717 44 29 43 39 42 31 46 25 34 2 38 12 22 14 1 10 0 21 26 8 15 41 7 18 19 33 47 5 27 6 
26 23617 23792 23 19 38 44 32 39 15 11 49 33 0 18 42 29 48 22 4 10 26 6 28 25 30 2 31 35 1 47 21 16 
27 23617 23763 9 29 8 11 1 20 35 25 6 15 14 39 31 30 36 17 22 49 13 18 28 16 26 2 46 5 23 47 21 44 
28 23630 23776 34 33 46 1 2 29 49 31 32 19 30 45 0 41 48 21 3 10 4 15 18 8 26 22 25 13 42 35 11 44 
29 23619 23747 32 33 12 18 24 39 16 46 1 38 3 5 35 11 14 29 41 42 45 44 9 6 27 23 37 13 17 36 15 2 
