0 23604 23746 30 23 6 0 9 5 42 20 3 38 31 32 26 39 1 
1 23612 23788 44 35 1 16 9 33 42 38 41 17 22 48 28 30 47 
2 23606 23719 1 20 43 26 9 35 3 6 2 29 17 41 23 46 4 
3 23588 23773 6 2 18 37 19 48 42 47 13 4 17 1 38 0 15 
4 23593 23683 20 43 39 44 28 29 37 11 6 35 14 1 48 13 26 
5 23601 23695 4 2 38 7 0 29 32 1 31 46 24 15 33 47 37 
6 23599 23722 6 28 20 30 40 31 36 23 42 1 15 46 39 44 11 
7 23595 23729 31 41 2 3 9 48 23 47 30 26 0 43 4 44 6 
8 23579 23742 29 6 45 43 2 15 9 8 22 1 35 20 27 36 37 
9 23582 23803 27 1 2 32 28 38 8 43 5 13 35 46 25 14 44 
10 23585 23671 5 43 44 1 41 29 24 35 33 3 26 46 6 14 38 
11 23588 23739 45 16 40 23 12 13 39 15 38 44 42 3 18 31 1 
12 23593 23700 41 16 32 8 42 46 1 38 44 2 45 48 18 43 13 
13 23591 23764 41 0 35 22 20 9 38 49 45 37 34 1 44 36 6 
14 23584 23727 0 26 6 9 42 31 1 39 44 46 25 36 15 41 30 
15 23597 23766 46 35 20 15 6 44 39 0 31 30 16 11 17 12 1 
16 23591 23720 18 42 44 15 8 38 37 2 48 33 36 30 16 26 31 
17 23600 23839 26 42 1 47 18 48 49 45 10 30 39 44 20 17 5 
18 23593 23703 36 35 44 37 38 17 18 45 15 6 3 9 2 42 8 
19 23603 23746 2 16 0 14 6 8 35 48 46 31 39 26 12 30 18 
20 23586 23771 45 49 44 1 36 16 24 42 35 41 43 22 6 28 17 
21 23569 23768 33 37 20 31 42 36 39 44 32 25 26 41 21 1 10 
22 23587 23799 30 15 32 9 8 31 42 45 1 6 33 14 17 27 44 
23 23589 23725 44 1 41 13 26 9 38 28 37 43 46 24 15 16 21 
24 23590 23782 1 21 0 18 5 2 31 35 11 42 9 8 29 4 19 
25 23607 23726 29 24 23 17 2 35 20 42 0 44 38 13 14 41 32 
26 23594 23740 37 9 18 24 42 5 39 7 4 13 27 23 15 20 44 
27 23589 23790 23 37 2 48 31 6 11 8 44 29 43 13 35 1 20 
28 23605 23776 45 44 42 20 22 47 1 41 48 26 36 37 19 38 46 
29 23586 23745 1 33 37 40 16 42 44 48 30 38 21 17 6 31 15 
