0 23553 23646 16 30 44 1 17 
1 23512 23694 14 0 29 44 30 
2 23545 23695 44 4 5 35 1 
3 23558 23694 42 12 14 16 44 
4 23538 23711 2 39 29 36 44 
5 23559 23808 26 0 44 1 31 
6 23547 23710 9 44 30 36 1 
7 23577 23733 35 6 44 33 1 
8 23518 23650 1 26 13 44 0 
9 23578 23682 2 1 39 26 16 
10 23548 23743 23 44 13 0 40 
11 23551 23674 28 6 14 44 43 
12 23491 23710 6 16 44 2 36 
13 23550 23761 35 4 12 20 44 
14 23537 23711 1 31 7 29 2 
15 23569 23738 2 23 35 42 44 
16 23578 23640 35 4 1 13 44 
17 23540 23713 44 18 1 49 43 
18 23543 23659 44 1 0 29 14 
19 23563 23723 35 6 19 44 1 
20 23548 23773 35 48 44 33 43 
21 23508 23693 31 41 13 2 29 
22 23536 23676 44 43 42 26 45 
23 23548 23733 35 9 44 42 21 
24 23545 23641 17 44 6 1 31 
25 23574 23748 35 4 42 2 26 
26 23559 23699 22 14 44 26 2 
27 23571 23735 5 31 13 29 42 
28 23541 23721 44 49 35 13 6 
29 23562 23689 8 42 17 44 31 
