0 12.7048 29 22 15 27 23 1 13 20 
1 12.7901 23 15 17 19 20 28 12 21 
2 12.7818 23 15 28 4 20 11 3 24 
3 12.6493 19 21 29 25 17 5 27 22 
4 12.7334 21 7 2 15 19 8 11 5 
5 12.5302 1 4 15 29 21 20 14 19 
6 12.6671 15 17 24 7 19 21 22 29 
7 12.7518 20 2 24 15 19 17 22 29 
8 12.5889 29 17 6 7 27 21 20 23 
9 12.7655 7 6 22 21 8 15 9 19 
10 12.7909 8 19 24 7 25 17 15 21 
11 12.6089 23 4 8 13 15 20 17 22 
12 12.7385 23 17 19 29 20 13 9 12 
13 12.7261 22 29 9 6 27 17 13 20 
14 12.7265 8 17 22 7 5 1 23 27 
15 12.6872 21 13 17 4 23 15 20 14 
16 12.6122 21 4 25 17 28 6 27 18 
17 12.7136 6 11 12 22 23 29 14 15 
18 12.7739 23 18 29 6 15 12 11 21 
19 12.721 24 15 6 21 9 19 17 20 
20 12.6826 22 13 11 20 24 19 15 23 
21 12.7238 23 22 5 14 11 4 15 1 
22 12.7368 29 13 14 3 28 21 17 27 
23 12.7394 21 23 8 17 6 3 18 22 
24 12.7077 29 27 22 6 1 14 8 15 
25 12.6807 8 1 15 19 29 28 22 23 
26 12.6782 19 4 20 15 8 5 22 2 
27 12.7258 21 1 6 23 17 15 20 14 
28 12.5859 29 17 8 13 15 4 19 22 
29 12.8133 11 4 18 14 6 29 21 19 
