0 12.9674 2 5 21 6 14 19 20 3 10 4 28 8 27 22 7 15 17 24 29 
1 12.8631 17 14 26 4 27 8 21 29 13 15 3 18 1 5 11 24 22 7 28 
2 12.9849 13 17 12 24 19 25 9 8 3 23 18 7 20 22 11 16 6 4 29 
3 12.9757 1 14 15 13 22 24 21 26 29 0 3 12 17 27 6 11 10 28 5 
4 13.0008 18 29 23 20 10 22 19 11 7 8 21 28 17 24 0 16 25 2 4 
5 12.9947 9 19 13 11 4 23 26 21 7 0 3 24 6 8 16 10 28 12 17 
6 12.9972 25 22 19 23 24 17 3 11 14 27 26 20 7 16 21 5 6 29 13 
7 12.9144 24 27 17 16 20 1 10 29 2 26 22 28 15 8 11 13 6 5 21 
8 12.8691 29 20 17 1 5 19 27 11 23 9 22 3 28 6 21 13 0 14 24 
9 12.8923 9 4 15 7 11 2 24 14 21 3 29 23 6 20 5 17 1 13 27 
10 12.9014 20 1 11 18 26 24 21 5 13 0 14 6 9 4 22 27 15 7 29 
11 12.9834 5 8 16 9 23 7 12 28 27 29 18 22 15 17 13 11 4 25 24 
12 13.0353 23 8 28 13 22 1 5 6 10 25 26 29 4 17 15 16 27 0 20 
13 12.9495 6 3 17 14 8 11 24 27 23 29 19 21 5 0 22 1 15 16 20 
14 12.93 13 1 6 16 7 14 27 17 24 20 22 15 2 23 21 29 12 19 5 
15 12.9152 11 26 14 24 6 27 19 5 13 1 9 8 22 7 20 17 29 18 21 
16 12.8284 4 6 29 21 24 9 14 15 22 25 20 0 13 27 2 3 1 17 11 
17 12.9096 23 7 6 10 8 27 28 21 12 5 19 16 22 1 17 11 9 29 26 
18 12.9633 25 4 1 20 6 5 13 28 15 24 21 14 26 10 2 22 27 11 17 
19 12.9266 11 13 22 3 15 1 7 28 27 21 14 17 26 23 4 12 8 18 9 
20 13.0236 2 29 5 21 28 22 17 1 6 0 24 14 27 9 3 13 8 15 20 
21 12.9798 29 22 11 14 20 7 21 19 2 28 13 15 26 24 17 27 1 4 6 
22 12.911 13 1 27 11 2 23 6 0 8 14 29 24 7 17 5 21 3 22 10 
23 12.9887 17 24 8 3 0 5 26 27 29 19 6 25 11 21 28 22 1 9 7 
24 12.8079 24 4 13 1 29 27 17 2 11 14 5 3 6 7 23 15 21 0 22 
25 12.8589 5 11 25 6 15 0 20 22 23 26 7 13 21 8 24 29 1 27 17 
26 13.0224 10 5 8 22 17 25 11 24 28 18 16 9 12 7 29 15 0 23 6 
27 12.9633 6 22 11 19 14 10 5 29 24 21 3 20 0 15 23 25 17 1 27 
28 12.9315 21 29 8 5 16 17 23 25 19 1 6 24 27 13 20 15 0 11 22 
29 12.9241 13 28 29 26 25 8 4 24 7 18 11 9 5 12 23 10 14 17 1 
