0 12.6758 17 4 15 
1 12.7521 11 17 28 
2 12.7521 17 11 28 
3 12.7429 20 15 19 
4 12.584 6 8 22 
5 12.584 6 8 22 
6 12.6283 5 19 15 
7 12.6758 15 17 4 
8 12.584 22 6 8 
9 12.6977 1 15 27 
10 12.584 8 22 6 
11 12.7736 5 15 2 
12 12.7521 11 28 17 
13 12.7361 8 27 15 
14 12.7852 15 14 19 
15 12.7521 28 11 17 
16 12.7563 23 11 6 
17 12.584 8 22 6 
18 12.6977 27 15 1 
19 12.7733 4 15 5 
20 12.584 8 22 6 
21 12.584 8 6 22 
22 12.584 6 22 8 
23 12.584 8 22 6 
24 12.6758 15 4 17 
25 12.6283 19 15 5 
26 12.584 22 6 8 
27 12.7079 8 5 19 
28 12.584 22 8 6 
29 12.806 15 27 16 
