0 13.018 13 28 0 23 3 21 1 9 24 8 18 19 22 5 11 12 17 27 7 
1 12.9379 13 26 15 28 29 12 27 5 10 22 25 18 11 8 4 0 6 7 9 
2 13.0285 17 13 26 11 12 23 9 20 27 14 7 3 4 8 6 10 22 29 28 
3 12.9287 7 19 8 28 22 9 17 21 10 24 18 0 1 14 29 11 13 4 6 
4 12.9809 7 23 20 6 1 3 29 8 4 28 24 11 9 14 19 22 18 21 13 
5 12.9844 1 12 24 20 5 11 18 8 16 23 10 26 21 28 14 15 27 17 7 
6 13.004 28 8 24 19 7 10 9 13 1 5 27 23 26 4 16 14 12 22 15 
7 12.9398 8 7 15 14 4 6 0 9 24 11 5 28 22 19 3 23 27 21 12 
8 12.9954 8 24 2 9 6 25 26 15 22 27 29 14 1 5 21 28 17 11 23 
9 13.0445 21 28 6 25 11 0 27 18 19 26 7 8 4 1 29 23 22 14 10 
10 12.9703 15 14 7 27 11 4 25 6 9 24 17 8 12 28 22 21 1 18 23 
11 13.0187 7 10 29 25 4 17 21 6 9 20 26 16 27 14 15 12 28 0 11 
12 12.9124 28 18 11 16 8 1 14 24 15 7 4 9 22 21 12 19 26 27 29 
13 12.9421 20 6 22 29 12 11 23 25 4 5 1 24 28 13 21 0 8 27 17 
14 12.9539 16 17 18 3 28 6 23 8 22 29 0 9 15 26 1 25 21 11 10 
15 12.9004 15 24 4 29 11 23 9 3 22 28 8 21 7 5 6 16 19 10 27 
16 12.9915 18 19 29 8 15 9 10 21 7 24 26 1 5 11 16 28 22 23 17 
17 12.9847 5 0 3 25 6 28 10 26 7 24 27 22 8 18 29 11 9 16 21 
18 12.9369 9 6 10 28 18 29 25 0 8 26 7 19 11 16 17 20 4 21 23 
19 12.9716 10 28 9 17 14 8 29 16 11 13 7 22 24 12 19 25 27 21 4 
20 12.9861 9 11 28 15 26 8 14 10 5 3 4 23 27 12 21 6 16 7 22 
21 13.0174 0 10 24 17 3 5 23 11 9 8 12 25 16 26 18 14 27 7 6 
22 12.8467 14 12 5 28 18 1 13 8 20 17 6 24 4 11 9 22 21 23 19 
23 13.0365 21 1 3 10 28 27 7 12 11 15 13 16 4 6 29 24 8 9 26 
24 12.9903 0 6 27 21 8 18 24 1 17 13 5 4 15 25 23 11 29 12 28 
25 13.0177 18 25 26 23 12 16 21 14 8 9 17 1 28 7 2 11 5 10 22 
26 13.0016 9 26 11 1 0 10 15 29 7 3 17 23 18 6 4 16 25 12 21 
27 12.979 0 21 28 15 27 16 9 8 7 11 22 12 4 13 24 10 14 1 18 
28 13.0179 8 22 17 11 28 20 4 24 18 1 2 3 19 7 9 25 29 23 27 
29 12.9565 2 13 15 27 4 9 23 17 21 14 24 5 7 20 22 29 1 11 3 
