0 12.2726 10 35 46 45 12 40 6 29 4 31 19 15 3 1 47 25 27 
1 12.2243 16 20 11 18 43 14 33 42 44 35 21 9 47 7 45 27 29 
2 12.1882 21 36 16 39 17 44 1 35 49 41 31 27 28 32 48 23 14 
3 12.2581 3 34 21 2 8 40 38 16 17 49 28 6 27 47 0 11 7 
4 12.2583 28 1 10 4 47 18 35 3 27 26 14 49 17 34 41 6 21 
5 12.1896 34 13 2 38 44 25 3 14 18 17 48 42 47 27 5 8 26 
6 12.1385 25 39 18 44 6 28 49 8 26 14 47 30 40 17 45 33 0 
7 12.1624 9 34 32 49 0 5 18 16 39 33 20 7 38 45 14 47 25 
8 12.1964 8 47 25 33 3 17 23 41 34 27 49 24 7 11 16 46 35 
9 12.1151 32 6 5 44 31 35 23 0 27 17 21 13 49 8 47 28 3 
10 12.303 48 35 8 39 28 44 47 49 27 17 10 31 5 6 40 43 20 
11 12.2287 24 32 35 18 21 19 8 44 17 6 3 47 42 39 28 23 0 
12 12.2642 7 8 0 42 1 25 13 41 39 28 46 27 38 48 10 17 47 
13 12.2443 34 4 49 18 38 44 47 22 10 17 3 32 21 1 40 19 0 
14 12.1387 42 39 8 45 31 25 35 28 33 26 47 4 19 18 5 14 30 
15 12.2165 40 18 0 3 49 19 32 21 31 34 6 1 5 43 39 47 41 
16 12.2359 25 24 18 47 46 27 20 7 16 33 49 2 42 39 11 35 28 
17 12.3345 30 9 5 47 24 31 29 41 46 3 42 23 28 21 0 19 33 
18 12.2991 40 25 47 31 44 34 7 32 37 43 38 46 42 11 15 29 16 
19 12.1089 3 31 5 43 2 1 40 15 44 0 46 35 47 42 49 37 6 
20 12.2509 47 32 0 21 41 11 22 8 7 19 14 27 5 42 23 39 25 
21 12.2564 3 7 46 25 47 21 6 5 26 45 34 19 44 16 8 15 42 
22 12.2355 1 18 15 37 41 40 6 7 32 35 16 28 26 13 47 14 27 
23 12.1639 40 7 17 6 21 29 41 34 18 42 2 1 47 31 16 27 10 
24 12.2111 47 19 25 35 16 48 27 31 29 11 42 49 8 12 21 45 15 
25 12.2613 14 15 19 35 18 13 32 48 26 49 8 41 47 40 16 5 21 
26 12.1963 5 15 25 17 30 9 18 44 47 19 35 7 0 33 28 29 40 
27 12.1253 43 24 6 41 3 17 48 44 47 5 19 42 40 38 31 10 28 
28 12.2198 39 32 1 47 37 17 22 16 27 31 28 15 34 18 10 26 42 
29 12.1774 49 48 47 16 42 7 6 10 39 22 38 45 25 20 35 28 17 
