0 12.2935 21 9 41 23 48 29 42 35 22 26 39 11 25 27 7 31 4 17 20 16 15 32 45 30 49 46 33 0 13 8 18 38 14 3 47 
1 12.2806 13 25 38 22 31 6 17 30 46 39 11 2 29 28 47 10 45 9 3 18 5 15 8 7 0 4 40 23 41 24 35 1 14 32 48 
2 12.3276 7 46 40 45 11 42 16 38 47 0 49 4 33 17 20 32 41 27 29 10 35 37 44 8 48 5 26 31 15 9 13 3 34 28 25 
3 12.3439 10 23 38 7 41 47 27 12 28 11 25 24 3 48 37 45 18 26 1 0 34 39 2 13 40 17 9 29 5 19 8 44 32 15 42 
4 12.3375 2 19 0 21 25 35 38 45 15 27 44 34 9 5 30 29 39 16 12 8 18 17 42 7 13 24 43 47 10 6 41 14 20 28 26 
5 12.2352 7 27 18 44 6 33 21 26 10 20 24 14 5 45 9 19 29 46 47 13 17 37 35 30 12 40 28 15 31 39 8 0 48 11 3 
6 12.3431 47 16 25 15 42 7 26 11 22 4 31 29 6 35 12 24 45 18 28 44 46 10 20 34 49 33 9 0 38 39 48 41 14 21 5 
7 12.2683 31 13 25 2 26 15 33 24 10 7 41 17 3 6 21 35 1 18 12 40 0 34 11 46 27 45 44 49 38 47 48 14 39 19 23 
8 12.2821 30 39 5 41 8 33 14 43 23 49 45 35 31 11 26 7 17 29 46 20 47 15 27 4 34 25 21 37 13 40 2 16 12 6 48 
9 12.2285 21 0 39 38 19 18 25 9 48 40 14 3 11 47 16 8 27 5 23 32 7 35 41 44 6 34 49 46 45 43 37 10 29 33 13 
10 12.3093 23 39 25 8 38 26 2 19 34 7 12 27 22 18 45 17 31 49 13 24 46 6 28 33 14 11 35 15 47 48 10 3 29 41 44 
11 12.2585 47 43 14 23 17 29 30 41 46 48 18 26 31 28 40 44 39 6 24 19 49 35 2 27 11 33 4 15 45 25 0 12 16 7 38 
12 12.3338 8 47 21 31 0 46 14 16 49 4 5 35 44 28 38 3 25 6 15 13 30 33 37 17 42 39 41 20 23 34 10 27 29 2 43 
13 12.2935 25 40 49 48 15 11 3 8 28 39 17 5 29 30 45 47 41 35 32 33 10 31 12 42 26 46 2 13 16 0 34 27 20 7 23 
14 12.2521 30 33 47 22 8 4 44 39 35 16 17 5 1 23 37 7 11 9 31 6 41 49 27 13 43 40 15 0 38 46 24 45 25 26 10 
15 12.2534 10 35 29 5 22 11 9 41 43 47 6 33 25 7 8 15 4 38 13 27 32 48 24 14 45 28 17 30 46 39 40 0 34 42 19 
16 12.343 47 24 39 29 1 22 17 23 0 19 4 31 20 28 9 26 48 8 44 45 10 7 38 18 5 49 32 13 14 15 11 43 12 35 41 
17 12.2897 22 39 19 9 13 21 0 47 34 20 40 12 15 29 3 11 45 25 14 49 48 35 6 31 33 10 17 38 24 8 23 42 28 1 27 
18 12.2174 14 24 49 44 20 27 31 17 6 11 1 29 23 25 43 3 46 39 8 4 10 28 35 2 30 21 13 48 40 41 38 12 47 15 5 
19 12.3502 38 13 48 47 43 30 24 26 18 31 32 3 46 10 21 45 39 8 37 42 14 7 29 4 33 27 16 11 0 19 6 35 28 5 25 
20 12.2981 0 31 7 25 21 20 24 30 19 22 11 1 40 27 47 42 18 15 10 33 45 34 3 38 43 9 48 26 29 6 49 39 41 14 8 
21 12.3134 38 49 19 44 28 9 42 30 46 13 35 47 10 16 45 39 31 12 17 21 34 3 29 23 15 41 0 27 6 24 43 5 32 40 11 
22 12.309 44 6 47 24 21 11 45 38 37 48 1 49 41 23 43 31 15 8 5 39 35 30 18 16 34 20 17 46 29 28 10 12 14 9 33 
23 12.2855 31 33 42 49 15 9 24 18 44 13 5 45 47 48 20 37 7 26 38 34 2 16 14 11 4 25 27 0 6 41 8 3 46 40 22 
24 12.2821 37 4 32 24 28 40 39 29 0 9 46 33 42 2 10 7 19 3 15 31 45 30 35 41 20 38 8 47 25 27 44 6 13 48 14 
25 12.2989 18 45 11 44 36 35 9 47 27 15 16 20 5 33 12 7 8 31 46 3 25 37 24 32 40 14 39 0 48 6 43 21 38 17 29 
26 12.3448 16 42 13 9 46 45 30 8 44 19 32 15 21 49 31 6 28 11 10 26 5 25 29 23 1 47 22 24 40 17 34 48 35 3 39 
27 12.2291 17 21 5 6 49 10 15 23 28 42 27 3 14 9 12 26 25 7 2 11 39 31 41 29 24 35 47 48 19 33 46 30 32 40 0 
28 12.2368 35 45 25 29 18 21 40 22 44 19 26 9 16 28 38 17 31 6 1 41 8 46 10 49 3 24 5 47 4 15 48 14 0 13 27 
29 12.2743 49 46 3 12 4 40 45 2 35 15 29 14 25 39 8 10 28 27 9 0 47 18 38 42 19 24 31 41 5 6 17 20 32 44 43 
