0 12.1701 23 47 42 28 1 
1 12.0454 6 47 23 42 8 
2 12.2874 47 35 18 2 1 
3 12.1998 18 19 3 47 41 
4 12.1307 23 47 8 42 40 
5 12.1489 47 41 2 42 15 
6 12.0766 26 39 47 15 16 
7 12.0098 16 17 15 2 47 
8 12.2226 4 32 1 47 18 
9 12.0984 40 47 1 31 19 
10 12.1097 41 47 18 32 42 
11 12.0819 49 27 16 47 15 
12 11.9447 32 28 19 47 13 
13 12.1074 27 13 47 17 49 
14 12.0026 39 21 42 47 16 
15 11.9562 47 19 10 3 6 
16 12.2369 47 1 8 19 15 
17 12.2688 15 47 19 27 31 
18 12.1791 15 47 13 18 19 
19 12.1008 15 47 28 41 8 
20 12.1105 27 31 7 47 8 
21 11.9543 6 14 47 16 23 
22 11.9844 3 19 40 15 47 
23 12.2341 49 28 47 42 43 
24 12.2058 18 47 49 43 6 
25 12.1136 31 27 2 42 47 
26 12.1185 47 41 1 46 6 
27 12.0971 13 31 47 17 6 
28 11.9617 19 15 3 47 49 
29 12.0782 42 16 27 49 47 
