601 7
 0.47333  0.116185  0  0  0  0  0 
 0.529878  0.0784024  0  0  0  0  0 
 1.90729  0.271886  0  0  0  0  0 
 3.76543  0.496911  0  0  0  0  0 
 0.431008  0.0764007  0  0  0  0  0 
 0.504884  0.172745  0  0  0  0  0 
 1.34937  0.165033  0  0  0  0  0 
 1.31266  0.458722  0  0  0  0  0 
 0.179567  0.0497297  0  0  0  0  0 
 0.759271  0.133333  0  0  0  0  0 
 0.711099  0.189071  0  0  0  0  0 
 2.07358  0.501783  0  0  0  0  0 
 0.309328  0.177355  0  0  9.84333e-303  1.79049e-308  0 
 0.534938  0.115764  0  0  0  0  0 
 2.44784  0.343802  0  0  0  0  0 
 2.90074  0.595296  0  0  0  0  0 
 1.0323  0.153473  0  0  0  0  0 
 0.0944863  0.105799  0  0  0  0  0 
 1.86031  0.28626  0  0  0  0  0 
 0.884752  0.370701  0  0  0  0  0 
 0.297227  0.0971931  0  0  0  0  0 
 1.23906  0.149731  0  0  0  0  0 
 2.81342  0.21833  0  0  0  6.29889e-309  2.74868e-302 
 4.23737  0.30424  0  0  0  0  0 
 0.25252  0.0626724  0  0  0  0  0 
 1.07293  0.140502  0  0  0  0  0 
 2.66702  0.138398  0  0  0  0  0 
 1.82893  0.290239  0  0  0  0  0 
 0.994981  0.0912  0  0  0  0  0 
 1.55602  0.118403  0  0  0  0  0 
 1.8543  0.204225  0  0  0  0  0 
 2.59202  0.314297  0  0  0  0  0 
 0.443773  0.0829064  0  0  0  0  0 
 1.67006  0.147929  0  0  0  0  0 
 2.6781  0.262539  0  0  0  0  0 
 4.61526  0.523002  0  0  0  0  0 
 0.585391  0.0384763  0  0  0  0  0 
 0.817306  0.0875506  0  0  0  0  0 
 0.973277  0.188982  0  0  0  0  0 
 3.97773  0.473773  0  0  0  0  0 
 0.570472  0.0708245  0  0  0  0  0 
 3.20441  0.182512  0  0  0  0  0 
 4.09628  0.165376  0  0  0  0  0 
 7.3856  0.233354  0  0  0  0  0 
 0.133857  0.045001  0  0  0  0  0 
 3.07818  0.187674  0  0  0  0  0 
 1.83374  0.149559  0  0  0  0  0 
 6.37745  0.296667  0  0  0  0  0 
 0.694535  0.0463166  0  0  0  0  0 
 1.58445  0.0841944  0  0  0  0  0 
 3.59966  0.14415  0  0  0  0  0 
 4.13806  0.368907  0  0  0  0  0 
 1.31835  0.107655  0  0  0  0  0 
 1.01576  0.0997021  0  0  0  0  0 
 7.08206  0.246631  0  0  0  0  0 
 6.18339  0.446288  0  0  0  0  0 
 1.01615  0.093462  0  0  0  0  0 
 2.03839  0.105242  0  0  0  0  0 
 5.76899  0.283674  0  0  0  0  0 
 7.85814  0.497327  0  0  0  0  0 
 0.126025  0.0575284  0  0  0  0  0 
 1.66057  0.223455  0  0  0  0  0 
 0.640985  0.17378  0  0  0  0  0 
 2.05475  0.416129  0  0  0  0  0 
 0.299971  0.071607  0  0  0  0  0 
 0.450431  0.12622  0  0  0  0  0 
 2.59707  0.331731  0  0  0  0  0 
 1.43117  0.501511  0  0  0  0  0 
 0.00466121  0.0329392  0  0  0  0  0 
 0.260571  0.188563  0  0  0  0  0 
 0.496228  0.210009  0  0  0  0  0 
 3.05772  0.519685  0  0  0  0  0 
 0.577752  0.0853008  0  0  0  0  0 
 0.277338  0.145324  0  0  0  0  0 
 1.33315  0.339768  0  0  0  0  0 
 1.25431  0.536232  0  0  0  0  0 
 0.230126  0.0462185  0  0  0  0  0 
 0.892344  0.237232  0  0  0  0  0 
 2.15436  0.463032  0  0  0  0  0 
 3.44233  0.655844  0  0  0  0  0 
 0.433047  0.123984  0  0  0  0  0 
 1.07859  0.171965  0  0  0  0  0 
 4.08847  0.188002  0  0  0  0  0 
 3.4102  0.273407  0  0  0  0  0 
 0.224886  0.0865306  0  0  0  0  0 
 0.896681  0.125138  0  0  0  0  0 
 3.78268  0.179245  0  0  0  0  0 
 3.49913  0.332762  0  0  0  0  0 
 0.153225  0.0289738  0  0  0  0  0 
 0.839866  0.121941  0  0  0  0  0 
 1.49008  0.171738  0  0  0  0  0 
 3.13718  0.486684  0  0  0  0  0 
 0.795885  0.121263  0  0  0  0  0 
 1.09463  0.164166  0  0  0  0  0 
 1.58835  0.196836  0  0  0  0  0 
 2.23193  0.386168  0  0  0  0  0 
 0.475201  0.0739634  0  0  0  0  0 
 0.515633  0.0704168  0  0  0  0  0 
 2.38353  0.285285  0  0  0  0  0 
 3.93438  0.487179  0  0  0  0  0 
 0.53771  0.131207  0  0  0  0  0 
 1.5058  0.136056  0  0  0  0  0 
 2.49834  0.134524  0  0  0  0  0 
 7.74393  0.250536  0  0  0  0  0 
 0.863499  0.107096  0  0  0  0  0 
 1.14474  0.206612  0  0  0  0  0 
 2.59235  0.183762  0  0  0  0  0 
 8.36384  0.32049  0  0  0  0  0 
 0.563597  0.0742211  0  0  0  0  0 
 2.48238  0.116096  0  0  0  0  0 
 5.63503  0.210592  0  0  0  0  0 
 7.52473  0.346281  0  0  0  0  0 
 0.884539  0.0542513  0  0  0  0  0 
 2.32018  0.0931664  0  0  0  0  0 
 3.79387  0.151144  0  0  0  0  0 
 7.97938  0.533421  0  0  0  0  0 
 0.758948  0.0751908  0  0  0  0  0 
 3.56903  0.131102  0  0  0  0  0 
 2.50028  0.207854  0  0  0  0  0 
 5.90694  0.434213  0  0  0  0  0 
 0.429299  0.12518  0  0  0  0  0 
 0.674836  0.102041  0  0  0  0  0 
 2.03008  0.380538  0  0  0  0  0 
 0.888439  0.177612  0  0  0  0  0 
 0.556788  0.158268  0  0  0  0  0 
 0.650151  0.0886525  0  0  0  0  0 
 1.07414  0.279608  0  0  0  0  0 
 1.26891  0.578203  0  0  0  0  0 
 0.0544206  0.0393258  0  0  0  0  0 
 0.64112  0.167281  0  0  0  0  0 
 1.61394  0.374026  0  0  0  0  0 
 2.76113  0.609247  0  0  0  0  0 
 0.439568  0.159071  0  0  0  0  0 
 1.33537  0.21476  0  0  0  0  0 
 1.53859  0.259478  0  0  0  0  0 
 2.18841  0.547918  0  0  0  0  0 
 0.610137  0.0461659  0  0  0  0  0 
 1.36866  0.155105  0  0  0  0  0 
 1.3274  0.41278  0  0  0  0  0 
 2.76854  0.5127  0  0  0  0  0 
 0.572245  0.111654  0  0  0  0  0 
 1.26572  0.196203  0  0  0  0  0 
 1.74378  0.137945  0  0  0  0  0 
 2.88944  0.355457  0  0  0  0  0 
 0.323501  0.0478684  0  0  0  0  0 
 0.768652  0.122168  0  0  0  0  0 
 2.56233  0.250842  0  0  0  0  0 
 3.20121  0.385158  0  0  0  0  0 
 0.269154  0.0822076  0  0  0  0  0 
 1.56566  0.133969  0  0  0  0  0 
 1.88607  0.266551  0  0  0  0  0 
 3.59863  0.3675  0  0  0  0  0 
 0.755169  0.0934579  0  0  0  0  0 
 0.934721  0.126734  0  0  0  0  0 
 2.04458  0.209442  0  0  0  0  0 
 5.94876  0.580964  0  0  0  0  0 
 0.744237  0.120718  0  0  0  0  0 
 2.44994  0.240921  0  0  0  0  0 
 2.37352  0.310498  0  0  0  0  0 
 5.23835  0.595565  0  0  0  0  0 
 0.53953  0.0589593  0  0  0  0  0 
 2.88786  0.170052  0  0  0  0  0 
 1.92952  0.130952  0  0  0  0  0 
 6.09345  0.18006  0  0  0  0  0 
 0.499476  0.0772447  0  0  0  0  0 
 2.80558  0.179607  0  0  0  0  0 
 3.30782  0.18334  0  0  0  0  0 
 7.64106  0.310102  0  0  0  0  0 
 0.800435  0.0844219  0  0  0  0  0 
 2.48134  0.134144  0  0  0  0  0 
 3.08933  0.103711  0  0  0  0  0 
 7.18324  0.404099  0  0  0  0  0 
 0.226648  0.0425132  0  0  0  0  0 
 1.48051  0.115689  0  0  0  0  0 
 4.42486  0.241721  0  0  0  0  0 
 4.64913  0.428887  0  0  0  0  0 
 0.775633  0.0325156  0  0  0  0  0 
 1.85749  0.138992  0  0  0  0  0 
 5.49713  0.267987  0  0  0  0  0 
 8.69479  0.497705  0  0  0  0  0 
 0.124247  0.0418327  0  0  0  0  0 
 0.260398  0.0704671  0  0  0  0  0 
 1.15126  0.22099  0  0  0  0  0 
 1.98331  0.332613  0  0  0  0  0 
 0.560936  0.136086  0  0  0  0  0 
 0.881206  0.215178  0  0  0  0  0 
 0.930781  0.125109  0  0  0  0  0 
 2.78415  0.414938  0  0  0  0  0 
 0.283541  0.142161  0  0  0  0  0 
 0.22738  0.12988  0  0  0  0  0 
 2.25758  0.347901  0  0  0  0  0 
 2.76914  0.443548  0  0  0  0  0 
 0.246136  0.106803  0  0  0  0  0 
 0.572734  0.243777  0  0  0  0  0 
 0.938579  0.247303  0  0  0  0  0 
 2.49596  0.671975  0  0  0  0  0 
 0.221792  0.0363128  0  0  0  0  0 
 0.909718  0.258936  0  0  0  0  0 
 1.33903  0.420016  0  0  0  0  0 
 2.28386  0.469547  0  0  0  0  0 
 0.157558  0.0376801  0  0  0  0  0 
 1.35055  0.15978  0  0  0  0  0 
 2.87427  0.276977  0  0  0  0  0 
 5.20028  0.34229  0  0  0  0  0 
 0.279436  0.0878931  0  0  0  0  0 
 0.800737  0.0654308  0  0  0  0  0 
 2.81283  0.171388  0  0  0  0  0 
 4.19736  0.407452  0  0  0  0  0 
 0.064565  0.0445642  0  0  0  0  0 
 1.90264  0.177761  0  0  0  0  0 
 2.11297  0.227926  0  0  0  0  0 
 3.73798  0.41041  0  0  0  0  0 
 1.14528  0.119371  0  0  0  0  0 
 0.466837  0.0805581  0  0  0  0  0 
 1.86712  0.214344  0  0  0  0  0 
 3.74535  0.480079  0  0  0  0  0 
 0.0596715  0.020936  0  0  0  0  0 
 1.86452  0.115102  0  0  0  0  0 
 1.25744  0.251368  0  0  0  0  0 
 1.94794  0.339584  0  0  0  0  0 
 0.088741  0.0138375  0  0  0  0  0 
 3.12692  0.193026  0  0  0  0  0 
 1.55208  0.165315  0  0  0  0  0 
 5.26958  0.200865  0  0  0  0  0 
 0.483404  0.0686234  0  0  0  0  0 
 0.603197  0.0925573  0  0  0  0  0 
 3.31679  0.187947  0  0  0  0  0 
 5.82852  0.287532  0  0  0  0  0 
 0.780831  0.0522682  0  0  0  0  0 
 3.15173  0.153068  0  0  0  0  0 
 3.0742  0.176952  0  0  0  0  0 
 4.53882  0.367046  0  0  0  0  0 
 0.985221  0.0741334  0  0  0  0  0 
 1.93312  0.111873  0  0  0  0  0 
 4.41328  0.216221  0  0  0  0  0 
 7.54555  0.499905  0  0  0  0  0 
 0.8854  0.065283  0  0  0  0  0 
 0.673848  0.0676428  0  0  0  0  0 
 2.78382  0.243487  0  0  0  0  0 
 6.17312  0.439828  0  0  0  0  0 
 0.355318  0.0875394  0  0  0  0  0 
 0.266415  0.0713166  0  0  0  0  0 
 1.91984  0.21711  0  0  0  0  0 
 2.80721  0.406967  0  0  0  0  0 
 0.44824  0.159372  0  0  0  0  0 
 0.450569  0.109543  0  0  0  0  0 
 2.71828  0.458443  0  0  0  0  0 
 2.64463  0.444622  0  0  0  0  0 
 0.226912  0.121265  0  0  0  0  0 
 0.943402  0.186634  0  0  0  0  0 
 0.922766  0.142965  0  0  0  0  0 
 3.11144  0.525631  0  0  0  0  0 
 0.379037  0.0776031  0  0  0  0  0 
 0.761856  0.187648  0  0  0  0  0 
 1.44458  0.285557  0  0  0  0  0 
 1.34951  0.460963  0  0  0  0  0 
 0.324319  0.105656  0  0  0  0  0 
 0.341367  0.168447  0  0  0  0  0 
 1.93488  0.429329  0  0  0  0  0 
 2.29698  0.513233  0  0  0  0  0 
 0.653309  0.0945657  0  0  0  0  0 
 1.0645  0.154983  0  0  0  0  0 
 3.43617  0.23764  0  0  0  0  0 
 3.27211  0.255896  0  0  0  0  0 
 0.292939  0.0515267  0  0  0  0  0 
 1.58563  0.201164  0  0  0  0  0 
 3.27766  0.279588  0  0  0  0  0 
 3.23711  0.282163  0  0  0  0  0 
 0.300926  0.0222141  0  0  0  0  0 
 0.996044  0.153231  0  0  0  0  0 
 2.37305  0.179847  0  0  0  0  0 
 3.76679  0.425467  0  0  0  0  0 
 0.486774  0.11042  0  0  0  0  0 
 0.799894  0.0922524  0  0  0  0  0 
 2.98725  0.262234  0  0  0  0  0 
 4.69481  0.379368  0  0  0  0  0 
 0.681382  0.105845  0  0  0  0  0 
 0.796418  0.10116  0  0  0  0  0 
 2.42905  0.297115  0  0  0  0  0 
 2.02447  0.35313  0  0  0  0  0 
 0.803832  0.102172  0  0  0  0  0 
 1.40773  0.0686654  0  0  0  0  0 
 3.99266  0.135628  0  0  0  0  0 
 4.19937  0.29348  0  0  0  0  0 
 1.06204  0.123288  0  0  0  0  0 
 2.57829  0.149201  0  0  0  0  0 
 3.55164  0.1756  0  0  0  0  0 
 6.51588  0.259689  0  0  0  0  0 
 0.71384  0.0595303  0  0  0  0  0 
 1.66316  0.137135  0  0  0  0  0 
 3.7673  0.15881  0  0  0  0  0 
 8.78755  0.496258  0  0  0  0  0 
 1.3996  0.0744702  0  0  0  0  0 
 2.60441  0.17773  0  0  0  0  0 
 2.77096  0.209057  0  0  0  0  0 
 6.3197  0.462023  0  0  0  0  0 
 1.28209  0.110206  0  0  0  0  0 
 0.822429  0.053897  0  0  0  0  0 
 3.14498  0.268283  0  0  0  0  0 
 5.99778  0.524498  0  0  0  0  0 
 0.372532  0.104128  0  0  0  0  0 
 0.492902  0.144968  0  0  0  0  0 
 1.63151  0.309673  0  0  0  0  0 
 1.34746  0.338739  0  0  0  0  0 
 0.681835  0.22449  0  0  0  0  0 
 0.907411  0.166446  0  0  0  0  0 
 1.45268  0.303352  0  0  0  0  0 
 2.2378  0.439648  0  0  0  0  0 
 0.228651  0.102086  0  0  0  0  0 
 1.33392  0.15586  0  0  0  0  0 
 0.969412  0.201434  0  0  0  0  0 
 2.37563  0.373134  0  0  0  0  0 
 0.548011  0.147331  0  0  0  0  0 
 1.37133  0.255962  0  0  0  0  0 
 1.84583  0.40826  0  0  0  0  0 
 2.8795  0.579475  0  0  0  0  0 
 0.525105  0.142276  0  0  0  0  0 
 0.654362  0.0948276  0  0  0  0  0 
 1.46283  0.414894  0  0  0  0  0 
 3.31969  0.604022  0  0  0  0  0 
 0.812736  0.13838  0  0  0  0  0 
 1.56671  0.163378  0  0  0  0  0 
 3.31412  0.230704  0  0  0  0  0 
 3.07099  0.303944  0  0  0  0  0 
 0.340752  0.0717506  0  0  0  0  0 
 0.96722  0.146778  0  0  0  0  0 
 1.68855  0.172913  0  0  0  0  0 
 5.13683  0.393677  0  0  0  0  0 
 0.375292  0.114857  0  0  0  0  0 
 0.634891  0.0931648  0  0  0  0  0 
 1.44766  0.206711  0  0  0  0  0 
 2.89783  0.320101  0  0  0  0  0 
 0.207217  0.0351959  0  0  0  0  0 
 0.415093  0.0692877  0  0  0  0  0 
 1.48929  0.129859  0  0  0  0  0 
 3.9734  0.572967  0  0  0  0  0 
 1.07723  0.110184  0  0  0  0  0 
 1.08695  0.144396  0  0  0  0  0 
 4.62413  0.425361  0  0  0  0  0 
 2.8799  0.441048  0  0  0  0  0 
 0.640715  0.0906269  0  0  0  0  0 
 1.00356  0.10653  0  0  0  0  0 
 3.84771  0.153195  0  0  0  0  0 
 5.49427  0.163928  0  0  0  0  0 
 1.22923  0.0971111  0  0  0  0  0 
 0.671595  0.104608  0  0  0  0  0 
 3.43966  0.231617  0  0  0  0  0 
 8.19261  0.247635  0  0  0  0  0 
 0.521893  0.0755899  0  0  0  0  0 
 2.6041  0.154492  0  0  0  0  0 
 4.76273  0.194481  0  0  0  0  0 
 7.68316  0.348213  0  0  0  0  0 
 0.896906  0.0860625  0  0  0  0  0 
 3.28547  0.121122  0  0  0  0  0 
 3.31141  0.243254  0  0  0  0  0 
 4.77029  0.485983  0  0  0  0  0 
 1.10169  0.0748422  0  0  0  0  0 
 2.64197  0.12763  0  0  0  0  0 
 4.66639  0.284823  0  0  0  0  0 
 3.50292  0.436968  0  0  0  0  0 
 0.392371  0.203282  0  0  0  0  0 
 1.02437  0.166776  0  0  0  0  0 
 1.1514  0.256362  0  0  0  0  0 
 2.20265  0.314866  0  0  0  0  0 
 0.192332  0.0285935  0  0  0  0  0 
 0.679847  0.183625  0  0  0  0  0 
 0.504792  0.209894  0  0  0  0  0 
 1.43837  0.460948  0  0  0  0  0 
 0.473343  0.0732303  0  0  0  0  0 
 0.58613  0.133962  0  0  0  0  0 
 0.607018  0.155664  0  0  0  0  0 
 2.6463  0.603066  0  0  0  0  0 
 0.0665725  0.0598377  0  0  0  0  0 
 0.560724  0.163652  0  0  0  0  0 
 1.05177  0.286976  0  0  0  0  0 
 1.72263  0.434815  0  0  0  0  0 
 0.404325  0.083815  0  0  0  0  0 
 1.04901  0.220302  0  0  0  0  0 
 0.420153  0.139061  0  0  0  0  0 
 2.08604  0.40176  0  0  0  0  0 
 0.446327  0.151789  0  0  0  0  0 
 0.933469  0.0970077  0  0  0  0  0 
 2.63789  0.226613  0  0  0  0  0 
 3.01133  0.23169  0  0  0  0  0 
 0.364154  0.0686932  0  0  0  0  0 
 0.852094  0.0913609  0  0  0  0  0 
 1.93123  0.14426  0  0  0  0  0 
 4.09837  0.332705  0  0  0  0  0 
 0.931133  0.142026  0  0  0  0  0 
 0.827786  0.0889121  0  0  0  0  0 
 1.38499  0.13978  0  0  0  0  0 
 2.5484  0.44337  0  0  0  0  0 
 0.862548  0.124066  0  0  0  0  0 
 1.78249  0.199007  0  0  0  0  0 
 2.39298  0.213272  0  0  0  0  0 
 4.20488  0.397249  0  0  0  0  0 
 0.493833  0.059125  0  0  0  0  0 
 2.42593  0.198535  0  0  0  0  0 
 1.89995  0.158456  0  0  0  0  0 
 4.00803  0.36913  0  0  0  0  0 
 0.3181  0.05122  0  0  0  0  0 
 1.02307  0.136231  0  0  0  0  0 
 3.08906  0.169891  0  0  0  0  0 
 4.15113  0.181706  0  0  0  0  0 
 0.496394  0.0915295  0  0  0  0  0 
 1.97112  0.125694  0  0  0  0  0 
 3.01867  0.186107  0  0  0  0  0 
 6.26203  0.27963  0  0  0  0  0 
 0.276848  0.0337984  0  0  0  0  0 
 2.36662  0.116621  0  0  0  0  0 
 2.5153  0.160823  0  0  0  0  0 
 8.71328  0.477684  0  0  0  0  0 
 0.49198  0.0597283  0  0  0  0  0 
 2.74222  0.154663  0  0  0  0  0 
 4.65855  0.215907  0  0  0  0  0 
 5.97506  0.530644  0  0  0  0  0 
 1.36145  0.0653992  0  0  0  0  0 
 1.56291  0.083071  0  0  0  0  0 
 0.812067  0.156911  0  0  0  0  0 
 5.18569  0.481616  0  0  0  0  0 
 0.150933  0.0780781  0  0  0  0  0 
 0.715226  0.221937  0  0  0  0  0 
 1.0096  0.195356  0  0  0  0  0 
 1.64536  0.406516  0  0  0  0  0 
 0.129936  0.066778  0  0  0  0  0 
 0.843187  0.22181  0  0  0  0  0 
 0.797062  0.328071  0  0  0  0  0 
 1.9212  0.396023  0  0  0  0  0 
 0.0817662  0.0303266  0  0  0  0  0 
 0.690724  0.180199  0  0  0  0  0 
 1.72859  0.29805  0  0  0  0  0 
 1.68787  0.633706  0  0  0  0  0 
 0.310789  0.102639  0  0  0  0  0 
 0.831805  0.2  0  0  0  0  0 
 2.58419  0.373022  0  0  0  0  0 
 2.17705  0.446211  0  0  0  0  0 
 0.792243  0.121633  0  0  0  0  0 
 0.548283  0.257172  0  0  0  0  0 
 0.822892  0.162512  0  0  0  0  0 
 0.879034  0.415315  0  0  0  0  0 
 0.232454  0.0674245  0  0  0  0  0 
 0.488535  0.0881966  0  0  0  0  0 
 3.46723  0.274545  0  0  0  0  0 
 3.5617  0.263563  0  0  0  0  0 
 0.340752  0.0631125  0  0  0  0  0 
 0.714421  0.0983806  0  0  0  0  0 
 1.66291  0.16129  0  0  0  0  0 
 3.37609  0.352986  0  0  0  0  0 
 0.395565  0.09298  0  0  0  0  0 
 2.00961  0.167605  0  0  0  0  0 
 3.49211  0.223817  0  0  0  0  0 
 4.13547  0.418669  0  0  0  0  0 
 0.41506  0.0663527  0  0  0  0  0 
 0.550333  0.0849646  0  0  0  0  0 
 2.20426  0.233308  0  0  0  0  0 
 2.73926  0.416809  0  0  0  0  0 
 1.16788  0.121942  0  0  0  0  0 
 1.83001  0.173614  0  0  0  0  0 
 1.53241  0.197021  0  0  0  0  0 
 5.35164  0.555181  0  0  0  0  0 
 0.687513  0.0915703  0  0  0  0  0 
 1.33597  0.120318  0  0  0  0  0 
 1.99638  0.0987802  0  0  0  0  0 
 4.71207  0.193655  0  0  0  0  0 
 0.0475558  0.0395979  0  0  0  0  0 
 1.79787  0.0733851  0  0  0  0  0 
 2.43388  0.150586  0  0  0  0  0 
 9.18016  0.331283  0  0  0  0  0 
 0.665431  0.0731412  0  0  0  0  0 
 1.83845  0.176913  0  0  0  0  0 
 5.26282  0.234742  0  0  0  0  0 
 4.72803  0.32411  0  0  0  0  0 
 0.260337  0.0474356  0  0  0  0  0 
 1.01916  0.098085  0  0  0  0  0 
 2.68797  0.235177  0  0  0  0  0 
 6.78617  0.523717  0  0  0  0  0 
 0.419516  0.0651478  0  0  0  0  0 
 1.54977  0.136347  0  0  0  0  0 
 5.16841  0.314938  0  0  0  0  0 
 6.8648  0.447121  0  0  0  0  0 
 0.153697  0.0662768  0  0  0  0  0 
 0.551356  0.119122  0  0  0  0  0 
 0.298865  0.0751731  0  0  0  0  0 
 1.1788  0.299739  0  0  0  0  0 
 0.209755  0.0596026  0  0  0  0  0 
 0.89531  0.163651  0  0  0  0  0 
 1.86288  0.22459  0  0  0  0  0 
 1.68669  0.506303  0  0  0  0  0 
 0.0737145  0.14882  0  0  0  0  0 
 0.507073  0.145278  0  0  0  0  0 
 1.30453  0.305164  0  0  0  0  0 
 1.77375  0.459654  0  0  0  0  0 
 0.581238  0.119377  0  0  0  0  0 
 0.67638  0.159968  0  0  0  0  0 
 0.573641  0.32  0  0  0  0  0 
 4.30281  0.703364  0  0  0  0  0 
 0.261944  0.152749  0  0  0  0  0 
 0.729255  0.260232  0  0  0  0  0 
 1.27082  0.320623  0  0  0  0  0 
 1.7558  0.379416  0  0  0  0  0 
 0.772436  0.119169  0  0  0  0  0 
 0.631191  0.116773  0  0  0  0  0 
 1.97044  0.126232  0  0  0  0  0 
 3.54027  0.253084  0  0  0  0  0 
 0.261147  0.0500194  0  0  0  0  0 
 2.31429  0.270401  0  0  0  0  0 
 1.491  0.122621  0  0  0  0  0 
 2.99202  0.286142  0  0  0  0  0 
 0.666619  0.0626468  0  0  0  0  0 
 1.13575  0.128885  0  0  0  0  0 
 3.25176  0.231731  0  0  0  0  0 
 3.60094  0.397099  0  0  0  0  0 
 0.542566  0.0538522  0  0  0  0  0 
 1.17409  0.179927  0  0  0  0  0 
 3.16615  0.285245  0  0  0  0  0 
 4.63144  0.439116  0  0  0  0  0 
 0.620904  0.079646  0  0  0  0  0 
 0.653888  0.0844664  0  0  0  0  0 
 3.73498  0.307579  0  0  0  0  0 
 5.09218  0.526578  0  0  0  0  0 
 0.327644  0.0722337  0  0  0  0  0 
 2.27548  0.114175  0  0  0  0  0 
 4.76827  0.172134  0  0  0  0  0 
 4.68204  0.192646  0  0  0  0  0 
 0.227592  0.0579256  0  0  0  0  0 
 1.16484  0.104597  0  0  0  0  0 
 2.30054  0.136102  0  0  0  0  0 
 9.47621  0.28914  0  0  0  0  0 
 1.37066  0.140391  0  0  0  0  0 
 1.72805  0.114056  0  0  0  0  0 
 1.11203  0.175754  0  0  0  0  0 
 4.88138  0.332388  0  0  0  0  0 
 0.220594  0.0182113  0  0  0  0  0 
 2.30891  0.153922  0  0  0  0  0 
 1.57562  0.245626  0  0  0  0  0 
 7.80582  0.516143  0  0  0  0  0 
 0.615034  0.0486787  0  0  0  0  0 
 1.52783  0.129358  0  0  0  0  0 
 3.92625  0.333394  0  0  0  0  0 
 5.0223  0.441934  0  0  0  0  0 
 0.33668  0.0961098  0  0  0  0  0 
 1.17284  0.178543  0  0  0  0  0 
 1.67188  0.223129  0  0  0  0  0 
 2.35095  0.389297  0  0  0  0  0 
 0.707976  0.241621  0  0  0  0  0 
 0.939105  0.140517  0  0  0  0  0 
 1.05865  0.320675  0  0  0  0  0 
 2.90388  0.569933  0  0  0  0  0 
 0.222903  0.0504267  0  0  0  0  0 
 0.845406  0.231648  0  0  0  0  0 
 1.01288  0.214343  0  0  0  0  0 
 1.97432  0.534302  0  0  0  0  0 
 0.777314  0.0816469  0  0  0  0  0 
 0.954482  0.178093  0  0  0  0  0 
 2.6075  0.385011  0  0  0  0  0 
 2.57931  0.468622  0  0  0  0  0 
 0.0979991  0.0509259  0  0  0  0  0 
 0.754577  0.172366  0  0  0  0  0 
 1.90698  0.322308  0  0  0  0  0 
 1.74568  0.54375  0  0  0  0  0 
 0.561207  0.12381  0  0  0  0  0 
 0.746602  0.116922  0  0  0  0  0 
 1.83242  0.15394  0  0  0  0  0 
 4.5873  0.256283  0  0  0  0  0 
 0.0978045  0.0272  0  0  0  0  0 
 2.01352  0.137539  0  0  0  0  0 
 2.07264  0.14771  0  0  0  0  0 
 4.43972  0.372727  0  0  0  0  0 
 0.459995  0.0917136  0  0  0  0  0 
 0.958334  0.0818559  0  0  0  0  0 
 2.41128  0.180702  0  0  0  0  0 
 2.67738  0.483983  0  0  0  0  0 
 0.27837  0.0718212  0  0  0  0  0 
 1.88315  0.167123  0  0  0  0  0 
 1.47915  0.139099  0  0  0  0  0 
 3.74117  0.444067  0  0  0  0  0 
 0.708541  0.121272  0  0  0  0  0 
 1.9078  0.115639  0  0  0  0  0 
 1.55435  0.283163  0  0  0  0  0 
 2.18218  0.415599  0  0  0  0  0 
 0.659754  0.077185  0  0  0  0  0 
 2.33864  0.140798  0  0  0  0  0 
 4.29085  0.157974  0  0  0  0  0 
 6.3998  0.236986  0  0  0  0  0 
 0.480208  0.0631782  0  0  0  0  0 
 1.22993  0.0868144  0  0  0  0  0 
 3.658  0.160299  0  0  0  0  0 
 5.64223  0.238989  0  0  0  0  0 
 0.378589  0.0470661  0  0  0  0  0 
 1.16161  0.118253  0  0  0  0  0 
 3.26422  0.177823  0  0  0  0  0 
 6.46385  0.392092  0  0  0  0  0 
 1.13847  0.106985  0  0  0  0  0 
 3.49244  0.158092  0  0  0  0  0 
 3.60561  0.180748  0  0  0  0  0 
 5.79351  0.375782  0  0  0  0  0 
 1.36199  0.101307  0  0  0  0  0 
 3.2617  0.134533  0  0  0  0  0 
 2.76125  0.243351  0  0  0  0  0 
 6.77623  0.477023  0  0  0  0  0 
 1247.6  130.687  0  0  0  0  0 

-- infix:  (((SL/w)+(((SL/pt)+(w+SL))+((SL-pt)/(pt+pt))))+(pos((pt+pos(pt)))/w)) --
Editirano: 110, ukupno: 4183
