0 12.6088 19 1 
1 12.6088 19 1 
2 12.6088 1 19 
3 12.6088 19 1 
4 12.6088 1 19 
5 12.6088 19 1 
6 12.6088 19 1 
7 12.6088 19 1 
8 12.6088 19 1 
9 12.6088 1 19 
10 12.6088 19 1 
11 12.6088 19 1 
12 12.6088 1 19 
13 12.6088 1 19 
14 12.6088 19 1 
15 12.6088 19 1 
16 12.6595 19 6 
17 12.6088 1 19 
18 12.6088 1 19 
19 12.6088 19 1 
20 12.6088 19 1 
21 12.6088 1 19 
22 12.6595 19 6 
23 12.6088 19 1 
24 12.6088 19 1 
25 12.6088 1 19 
26 12.6088 1 19 
27 12.6088 1 19 
28 12.6088 19 1 
29 12.6088 1 19 
