0 13.011 27 14 24 12 22 1 26 6 18 9 17 20 3 23 28 19 8 7 11 
1 12.9722 16 18 22 1 5 26 11 12 4 28 8 6 27 25 9 14 15 0 2 
2 12.9938 0 6 18 11 10 4 8 16 5 15 7 27 24 25 9 12 28 29 26 
3 13.022 8 11 12 22 18 14 6 15 9 28 24 5 23 13 27 2 7 17 19 
4 12.9957 10 19 27 26 1 9 13 4 6 14 15 7 3 22 12 24 8 28 23 
5 12.9756 19 28 27 23 3 18 8 0 4 29 6 22 11 14 7 12 17 26 21 
6 12.9842 16 22 20 10 6 18 28 25 0 27 9 11 26 23 4 17 7 24 8 
7 12.9497 29 7 21 19 14 17 27 11 10 9 2 8 3 26 4 28 18 22 5 
8 12.8923 6 24 13 9 22 8 3 29 4 28 10 21 18 12 25 11 15 7 26 
9 12.9849 4 25 29 23 17 28 5 8 13 19 1 11 22 21 18 2 24 7 10 
10 13.0273 24 1 8 17 26 28 3 23 21 10 4 29 12 9 11 20 7 19 16 
11 12.9674 23 27 26 8 16 24 20 0 18 29 7 5 28 13 21 17 14 11 15 
12 12.9845 24 21 10 4 8 2 13 18 15 22 9 26 16 17 7 11 5 19 28 
13 12.9601 16 14 20 17 24 19 22 9 8 4 7 13 5 28 10 11 23 27 6 
14 13.0041 15 6 20 29 1 21 3 11 24 16 14 27 8 17 4 22 28 26 2 
15 12.9036 6 18 15 29 4 21 24 10 20 8 22 19 2 16 11 14 28 7 9 
16 12.9964 3 25 9 19 22 18 13 29 0 8 7 11 21 26 27 28 2 4 10 
17 12.9238 10 8 19 17 15 9 23 28 4 11 13 6 26 21 16 2 29 7 18 
18 12.9517 22 3 21 26 17 4 25 13 7 29 11 9 27 6 0 18 28 5 24 
19 12.9723 24 3 9 5 18 17 14 28 23 7 25 10 13 27 8 29 11 4 19 
20 13.0115 16 10 4 8 17 21 24 6 19 25 23 22 11 27 29 0 5 13 20 
21 12.9988 14 4 5 22 7 29 10 18 24 3 19 6 9 15 12 23 17 28 27 
22 12.9662 24 4 21 10 18 23 16 17 5 29 3 28 6 11 2 8 22 9 7 
23 12.9139 8 28 15 7 17 19 18 21 9 25 3 4 11 24 27 29 22 20 23 
24 12.9732 9 5 16 24 23 13 15 28 22 18 8 7 20 4 17 19 26 29 11 
25 13.0064 4 15 25 28 1 6 9 29 21 18 12 14 13 27 0 22 5 26 11 
26 12.9558 29 25 27 5 8 24 13 9 4 28 21 7 6 23 17 11 19 12 22 
27 13.0073 23 8 10 27 29 19 21 17 6 25 9 11 15 26 5 18 12 4 7 
28 12.98 11 2 23 17 24 10 18 21 4 15 25 12 16 28 9 29 14 7 8 
29 12.9247 21 11 29 23 0 8 6 5 24 20 27 2 14 3 4 18 25 7 15 
