0 12.7644 17 13 15 1 10 27 5 21 22 29 
1 12.6152 21 15 29 4 22 17 19 13 27 3 
2 12.7542 1 8 19 11 6 5 29 2 22 23 
3 12.7519 18 6 14 21 12 22 8 15 19 26 
4 12.7199 11 7 6 17 1 21 4 29 23 22 
5 12.7655 20 13 27 29 22 12 17 18 11 8 
6 12.7019 8 28 29 3 6 19 27 22 23 5 
7 12.7934 6 8 17 29 22 21 23 5 15 14 
8 12.779 21 13 5 1 29 0 22 17 27 15 
9 12.8024 27 6 15 21 17 13 7 22 1 9 
10 12.6882 26 22 18 0 6 17 7 13 10 11 
11 12.7386 6 26 5 18 0 4 17 1 11 9 
12 12.7516 27 23 6 7 5 22 17 11 4 13 
13 12.7746 14 27 5 22 26 20 12 17 19 29 
14 12.6738 4 8 27 9 13 29 22 18 17 3 
15 12.8335 28 15 29 27 1 25 22 19 23 18 
16 12.8034 15 22 23 7 13 1 4 18 0 6 
17 12.7136 12 17 25 6 8 13 11 29 21 28 
18 12.5809 22 15 21 29 6 13 17 27 28 16 
19 12.767 8 18 11 17 10 27 26 28 15 3 
20 12.6264 9 11 17 26 6 24 21 5 13 18 
21 12.7435 24 23 19 2 22 12 29 6 1 11 
22 12.6778 14 28 19 22 15 23 17 29 4 20 
23 12.7266 23 15 22 7 6 29 12 13 27 28 
24 12.6072 27 1 4 29 28 23 22 13 8 15 
25 12.7436 17 22 12 23 14 19 27 15 1 11 
26 12.7595 22 29 13 23 12 7 1 18 27 15 
27 12.7846 7 5 11 9 10 29 26 13 17 22 
28 12.7797 22 15 7 27 19 4 9 13 29 17 
29 12.7069 11 23 7 22 15 13 1 9 27 29 
