0 12.6819 19 9 6 
1 12.6148 17 8 5 
2 12.5596 8 27 15 
3 12.5911 22 8 6 
4 12.5596 8 15 27 
5 12.5596 27 15 8 
6 12.5596 27 8 15 
7 12.6148 5 17 8 
8 12.5716 7 17 5 
9 12.6819 9 6 19 
10 12.5596 8 15 27 
11 12.5911 22 6 8 
12 12.6217 27 6 28 
13 12.6148 17 8 5 
14 12.6525 22 15 8 
15 12.6217 6 27 28 
16 12.5596 8 27 15 
17 12.5716 17 7 5 
18 12.6148 8 17 5 
19 12.6148 8 17 5 
20 12.5596 15 27 8 
21 12.5596 27 15 8 
22 12.5716 7 17 5 
23 12.7234 11 27 15 
24 12.7186 19 0 6 
25 12.6148 17 5 8 
26 12.5716 17 5 7 
27 12.5911 22 6 8 
28 12.6148 8 5 17 
29 12.5596 15 8 27 
