0 12.013 48 47 6 15 
1 11.9955 13 47 23 49 
2 11.9767 6 0 47 1 
3 12.2143 47 16 34 7 
4 12.0707 41 42 47 7 
5 12.0186 23 15 42 47 
6 12.0488 28 47 40 41 
7 12.0382 21 47 7 16 
8 12.0897 47 38 7 42 
9 12.0829 1 40 19 47 
10 12.074 49 1 47 6 
11 12.0721 3 47 31 40 
12 12.0314 47 16 2 49 
13 12.1754 15 47 18 40 
14 12.0942 41 47 1 4 
15 12.218 18 47 8 49 
16 12.156 49 41 23 47 
17 11.9773 16 48 47 42 
18 12.0433 47 31 3 6 
19 12.3221 19 34 5 47 
20 12.1563 39 28 47 6 
21 11.9386 15 28 47 6 
22 12.1555 47 5 49 21 
23 12.1235 47 41 7 2 
24 12.037 21 47 1 42 
25 12.0515 31 42 47 41 
26 12.0718 42 23 47 17 
27 12.0515 42 31 47 41 
28 12.0697 47 8 15 39 
29 12.0488 40 47 41 28 
