0 12.6835 1 47 14 22 37 33 12 35 15 30 29 45 32 41 26 
1 12.745 17 47 41 44 19 38 29 21 24 3 25 34 31 30 39 
2 12.8665 8 33 30 14 29 19 23 26 32 11 31 20 45 38 28 
3 12.7071 45 23 30 14 15 27 31 24 37 46 29 6 36 20 19 
4 12.7815 26 11 25 20 15 45 38 13 17 46 29 33 2 22 9 
5 12.7565 47 8 6 30 32 12 39 29 43 38 46 14 33 36 26 
6 12.7678 33 45 29 12 30 32 20 42 34 43 6 38 22 37 35 
7 12.8725 40 32 45 30 15 13 46 23 29 24 33 28 38 34 35 
8 12.8428 29 42 24 31 13 4 47 15 19 27 49 46 20 22 45 
9 12.7423 46 20 29 48 17 38 31 19 8 14 30 22 0 35 45 
10 12.8928 23 20 22 32 1 49 36 44 33 4 13 24 47 30 15 
11 12.861 41 29 39 2 27 33 28 38 30 46 5 15 6 13 23 
12 12.8482 21 36 30 29 32 28 0 46 40 33 47 20 43 19 22 
13 12.7623 21 26 14 5 7 22 32 1 17 11 18 45 30 0 38 
14 12.8021 3 7 22 5 32 30 16 35 20 27 34 38 44 15 47 
15 12.8302 12 36 15 6 33 13 39 11 8 10 31 45 29 46 32 
16 12.8547 32 46 17 22 15 33 2 20 4 12 31 49 5 47 24 
17 12.8152 23 35 32 21 33 41 20 31 45 46 2 1 38 30 22 
18 12.8918 42 33 29 15 30 6 21 48 14 19 24 23 8 28 4 
19 12.7804 46 29 21 44 14 7 3 0 26 49 42 38 45 17 27 
20 12.7594 38 27 47 39 5 20 49 21 31 6 32 29 17 34 48 
21 12.7484 6 22 29 39 38 27 20 21 40 33 13 36 42 30 47 
22 12.8406 1 47 38 27 20 31 22 33 36 24 39 23 12 30 6 
23 12.6833 3 14 17 45 18 13 23 35 27 22 32 29 36 21 47 
24 12.7166 30 17 24 15 32 1 5 33 6 47 38 46 29 4 9 
25 12.7163 35 47 5 33 48 17 39 22 13 15 36 14 30 21 45 
26 12.8181 17 22 25 4 34 31 14 47 15 0 3 29 20 46 24 
27 12.863 19 18 12 32 35 29 4 48 15 46 42 34 30 20 11 
28 12.9197 6 46 36 7 31 34 30 49 32 47 27 20 21 35 1 
29 12.6651 29 39 12 21 5 36 6 46 14 3 38 20 15 30 47 
