0 12.7336 22 23 14 1 33 15 35 
1 12.7029 47 35 1 23 11 19 39 
2 12.6615 46 45 23 15 24 39 30 
3 12.6894 24 29 22 31 34 19 41 
4 12.5396 25 17 40 27 21 6 30 
5 12.7039 21 14 8 30 38 17 20 
6 12.5398 41 2 29 13 22 38 32 
7 12.5519 47 1 32 14 22 39 5 
8 12.6814 13 21 30 4 32 22 20 
9 12.6982 34 28 38 32 20 8 47 
10 12.6655 31 25 19 48 35 30 6 
11 12.4747 34 31 29 39 30 42 38 
12 12.7465 12 13 43 17 33 11 23 
13 12.5287 19 32 29 8 39 47 5 
14 12.748 27 23 24 3 48 32 29 
15 12.4675 15 11 13 32 43 31 22 
16 12.712 39 27 34 16 19 32 29 
17 12.6436 27 20 22 16 32 8 39 
18 12.7532 46 30 5 40 31 29 36 
19 12.5902 39 19 25 34 4 47 32 
20 12.4502 31 21 30 29 15 35 5 
21 12.6852 31 17 30 47 29 19 7 
22 12.6641 38 3 17 15 23 30 36 
23 12.6684 33 34 11 35 22 6 28 
24 12.6741 32 4 33 34 47 28 39 
25 12.5258 33 46 36 32 19 23 29 
26 12.7465 22 42 24 30 21 45 12 
27 12.6061 32 18 39 35 19 36 17 
28 12.5359 36 39 32 7 47 19 40 
29 12.6448 27 29 5 33 46 15 17 
