0 12.6335 6 17 15 40 48 22 20 14 31 21 32 46 
1 12.716 45 38 0 34 31 47 17 32 5 21 46 22 
2 12.6203 18 3 38 23 29 17 2 14 31 46 5 22 
3 12.7465 32 6 47 1 30 33 35 14 48 34 4 39 
4 12.82 0 20 31 30 38 17 46 16 43 15 13 27 
5 12.6722 38 11 5 21 24 18 33 45 28 27 14 8 
6 12.7462 44 31 6 12 29 36 45 0 39 14 4 35 
7 12.3506 21 15 29 27 24 8 38 35 22 3 17 31 
8 12.7098 19 46 30 17 3 24 48 31 15 23 26 29 
9 12.6512 29 27 47 48 21 46 25 1 30 45 39 31 
10 12.6562 19 41 42 27 2 23 40 33 11 6 43 28 
11 12.7687 15 14 40 6 8 43 38 47 46 42 17 32 
12 12.7894 11 32 23 17 13 31 27 46 48 29 30 36 
13 12.7594 14 32 23 15 20 7 9 22 27 41 46 17 
14 12.7477 17 43 39 22 20 12 13 6 21 23 42 38 
15 12.7274 20 47 29 32 28 33 26 24 13 21 2 31 
16 12.5886 22 13 27 20 15 21 39 48 32 31 29 33 
17 12.7108 29 27 22 23 11 36 45 19 39 34 31 16 
18 12.7734 34 27 41 29 22 36 28 44 20 5 21 38 
19 12.78 39 30 25 33 35 15 31 5 6 47 46 38 
20 12.6289 17 9 37 20 47 31 5 22 29 26 30 33 
21 12.5391 22 14 1 27 29 31 35 33 32 15 16 38 
22 12.7242 21 38 0 30 48 1 36 20 29 46 41 31 
23 12.5005 29 46 44 15 26 41 17 27 24 11 14 22 
24 12.6978 41 46 34 29 49 27 28 38 13 33 22 35 
25 12.5727 17 45 38 26 15 2 36 31 33 29 30 35 
26 12.6987 13 34 20 17 41 23 21 45 24 15 3 19 
27 12.6709 23 41 45 38 39 31 3 22 34 28 32 27 
28 12.7232 34 32 17 10 35 44 12 29 39 11 5 27 
29 12.5919 47 15 27 45 21 29 46 20 39 2 31 3 
