0 23561 23747 31 39 38 12 26 24 44 8 17 23 
1 23599 23746 5 12 0 43 42 40 44 39 17 13 
2 23589 23738 28 17 15 1 2 13 48 41 32 31 
3 23588 23701 21 45 19 6 7 18 1 29 2 0 
4 23556 23815 35 18 41 17 1 44 6 19 49 3 
5 23553 23754 35 40 43 44 42 34 37 30 4 18 
6 23582 23802 11 1 42 5 17 34 18 2 48 39 
7 23572 23809 21 38 18 9 49 35 42 2 31 3 
8 23573 23719 42 35 44 32 15 33 7 3 1 29 
9 23583 23708 6 44 20 42 31 17 1 18 14 40 
10 23587 23698 8 42 2 44 36 1 38 23 5 15 
11 23580 23773 6 3 4 1 35 13 18 39 30 16 
12 23569 23766 45 0 43 31 1 46 14 8 5 15 
13 23553 23700 13 5 31 1 46 14 33 2 42 3 
14 23586 23735 35 1 29 37 24 42 26 9 18 12 
15 23587 23748 6 44 41 8 9 23 5 12 35 2 
16 23568 23842 33 17 44 48 35 16 49 39 1 37 
17 23585 23788 44 36 18 2 31 35 29 20 1 24 
18 23548 23708 3 38 42 18 15 43 35 4 44 2 
19 23608 23741 19 7 49 33 15 44 1 47 29 45 
20 23575 23709 44 26 1 15 6 18 37 14 42 48 
21 23560 23752 41 35 44 1 33 40 31 45 42 23 
22 23579 23752 0 26 18 5 4 2 44 37 40 35 
23 23587 23767 19 26 8 6 1 42 35 49 2 13 
24 23574 23766 35 39 8 17 6 44 33 46 3 43 
25 23577 23695 2 46 14 28 17 42 1 44 16 6 
26 23581 23770 39 26 4 44 0 3 43 37 20 21 
27 23589 23816 35 0 4 39 38 49 29 42 37 44 
28 23575 23772 23 39 16 12 30 42 2 35 43 0 
29 23581 23766 39 15 44 42 18 45 37 35 26 1 
