0 23509 23761 44 35 6 
1 23529 23734 44 1 35 
2 23565 23704 6 23 44 
3 23574 23681 31 1 44 
4 23509 23761 44 35 6 
5 23572 23732 44 35 24 
6 23566 23662 6 44 29 
7 23531 23652 44 6 26 
8 23541 23678 44 16 6 
9 23560 23698 38 44 31 
10 23531 23652 44 26 6 
11 23550 23700 44 14 2 
12 23557 23738 9 2 44 
13 23531 23652 44 26 6 
14 23541 23786 44 4 2 
15 23568 23720 42 16 44 
16 23531 23652 44 6 26 
17 23572 23780 31 1 2 
18 23538 23647 29 44 49 
19 23538 23647 29 44 49 
20 23541 23678 16 44 6 
21 23556 23770 44 35 2 
22 23565 23704 44 23 6 
23 23553 23754 44 26 30 
24 23557 23761 44 35 42 
25 23565 23706 18 31 44 
26 23541 23786 2 44 4 
27 23576 23724 23 29 42 
28 23545 23663 2 29 44 
29 23543 23690 31 1 29 
