0 12.9382 8 17 3 22 27 0 7 5 26 21 14 29 1 
1 12.8613 3 12 27 17 26 1 28 4 0 13 9 6 25 
2 12.9067 6 15 9 8 22 21 25 27 29 19 3 17 5 
3 12.8662 9 5 27 4 15 16 22 8 7 3 24 17 29 
4 12.8439 0 14 17 22 15 29 4 25 6 19 8 21 27 
5 12.8502 7 28 25 24 11 4 21 9 0 26 5 8 19 
6 12.7893 7 6 4 11 23 22 15 20 21 19 8 12 16 
7 12.7987 20 22 18 14 12 28 13 4 29 17 27 11 24 
8 12.8783 17 5 1 27 29 7 19 22 14 6 8 0 24 
9 12.8634 5 4 6 1 20 28 21 27 2 23 22 24 29 
10 12.8348 14 13 24 11 22 29 9 28 3 27 4 17 6 
11 12.8609 10 11 9 22 17 5 28 26 8 0 15 13 23 
12 12.8207 22 17 1 11 0 7 20 19 13 8 24 28 4 
13 12.8044 15 3 13 1 18 8 0 17 27 22 21 20 11 
14 12.8372 6 5 24 23 22 10 27 3 25 21 15 19 17 
15 12.8804 17 1 6 16 5 20 26 21 9 27 22 29 8 
16 12.8163 29 2 6 23 5 21 22 3 19 14 11 15 24 
17 12.9021 20 17 21 26 2 6 8 22 24 5 25 4 29 
18 12.8133 20 14 7 15 23 18 26 21 24 13 19 3 11 
19 12.7087 22 29 14 27 7 1 13 12 23 6 15 24 17 
20 12.8404 16 15 2 18 20 8 26 7 14 28 11 21 24 
21 12.8617 27 24 17 21 22 5 7 20 8 25 1 29 11 
22 12.6418 12 29 22 27 3 15 1 17 26 13 28 5 21 
23 12.8836 29 9 26 27 17 22 24 8 21 20 6 1 16 
24 12.8474 24 7 21 14 19 23 8 11 22 6 29 25 20 
25 12.8313 4 29 3 15 8 20 23 21 28 9 17 7 11 
26 12.8491 29 22 17 6 23 13 1 24 27 15 4 26 11 
27 12.7746 2 27 15 1 19 22 20 11 13 26 24 3 17 
28 12.8747 21 0 24 27 11 14 13 5 1 17 28 25 19 
29 12.7897 27 0 13 15 22 1 24 16 25 5 17 21 29 
