0 12.8424 17 0 11 28 7 29 27 18 26 25 13 1 21 12 
1 12.8093 17 8 9 1 5 14 22 18 20 6 21 27 23 11 
2 12.8568 11 26 6 28 22 8 14 7 17 20 29 9 23 19 
3 12.7667 8 15 23 6 17 11 2 4 16 22 7 27 20 28 
4 12.7687 22 28 17 2 27 21 5 11 6 9 10 15 19 18 
5 12.6981 20 19 4 18 1 6 27 13 23 22 29 15 17 21 
6 12.7592 18 23 28 11 8 1 17 15 13 29 22 4 27 20 
7 12.8612 7 8 17 9 11 12 21 13 29 6 22 23 3 24 
8 12.8345 5 7 16 8 24 29 2 27 9 19 11 26 28 18 
9 12.881 8 11 12 1 17 7 28 24 16 21 23 26 27 19 
10 12.8025 22 24 1 20 7 11 4 17 14 28 21 29 19 9 
11 12.9074 27 13 7 16 26 17 1 11 5 10 24 20 21 8 
12 12.8894 3 29 28 17 6 7 11 22 1 0 18 19 23 14 
13 12.8035 14 1 27 17 11 15 8 13 18 3 22 4 29 24 
14 12.8939 16 0 15 26 11 9 5 27 25 12 6 24 18 17 
15 12.7984 20 7 17 8 27 11 16 19 9 2 0 22 28 18 
16 12.8286 28 24 7 22 17 21 23 3 11 6 9 27 14 4 
17 12.8046 18 0 13 15 14 9 8 5 20 24 11 29 16 4 
18 12.7832 21 29 28 6 19 22 17 20 4 9 13 23 7 27 
19 12.7092 21 24 29 17 5 25 3 22 19 4 23 11 28 18 
20 12.8622 7 19 27 20 4 1 23 24 29 5 17 13 15 8 
21 12.8403 21 4 22 2 23 5 8 14 19 18 24 11 16 6 
22 12.7795 28 17 3 13 8 9 18 4 23 26 29 6 11 20 
23 12.7724 22 8 18 14 24 29 15 9 6 11 7 17 20 26 
24 12.8585 19 24 8 10 22 7 20 23 28 2 16 0 17 11 
25 12.7844 6 27 4 28 7 5 25 19 23 15 2 29 22 11 
26 12.8112 23 17 4 7 20 22 19 11 29 13 8 25 0 28 
27 12.8908 13 1 28 23 17 27 4 18 19 29 14 22 16 11 
28 12.8455 0 7 13 3 18 4 19 29 5 11 22 8 17 21 
29 12.7865 14 17 7 1 4 8 24 11 21 9 13 15 29 22 
