0 12.559 17 25 12 21 4 14 29 6 22 19 24 
1 12.506 6 7 19 4 18 3 26 29 21 0 25 
2 12.3892 29 8 19 4 15 23 13 11 7 2 27 
3 12.5468 21 12 18 17 29 7 27 4 15 19 1 
4 12.5457 3 23 11 4 21 25 16 8 12 19 29 
5 12.5009 4 29 11 17 1 19 26 21 12 23 16 
6 12.4468 8 25 6 23 7 12 29 4 0 21 3 
7 12.5149 26 29 7 4 23 3 8 21 11 12 19 
8 12.5139 19 13 8 15 0 9 21 17 11 4 18 
9 12.6123 7 16 23 4 21 8 0 19 14 15 18 
10 12.5311 7 2 28 25 27 0 11 15 17 26 21 
11 12.5966 11 4 18 29 21 10 25 27 8 2 6 
12 12.5457 28 4 21 1 16 25 9 22 8 6 29 
13 12.4168 4 6 17 1 26 7 9 21 12 11 29 
14 12.4663 4 11 16 23 18 2 28 8 29 15 21 
15 12.5147 3 19 12 25 29 22 4 7 16 21 2 
16 12.3868 5 29 4 14 19 25 16 18 27 15 6 
17 12.5755 4 26 29 7 25 21 15 27 5 24 28 
18 12.5384 28 16 6 2 29 24 15 19 14 21 4 
19 12.5698 6 11 25 26 1 15 9 21 19 4 12 
20 12.5193 21 1 23 16 28 29 4 25 7 6 14 
21 12.6308 9 8 21 27 5 28 14 19 20 4 29 
22 12.5146 4 7 16 9 8 21 28 19 14 17 6 
23 12.4896 16 17 12 7 29 22 21 14 26 4 6 
24 12.4738 4 3 19 6 25 18 14 8 22 29 0 
25 12.497 29 6 27 2 18 14 13 25 4 16 23 
26 12.3929 27 29 15 4 7 8 11 3 21 23 12 
27 12.4372 25 3 0 11 16 21 4 8 29 23 6 
28 12.5873 23 17 7 3 5 26 2 24 19 8 21 
29 12.4838 17 0 9 28 4 29 21 16 3 19 12 
