0 12.5185 22 0 2 8 21 6 11 17 29 27 16 18 3 
1 12.5002 9 26 27 14 16 21 12 6 4 15 25 8 7 
2 12.5275 17 23 29 25 8 6 9 7 18 24 21 4 14 
3 12.4554 19 25 16 13 23 6 29 18 14 24 4 28 27 
4 12.4784 1 25 21 6 24 7 4 11 19 18 20 23 8 
5 12.5172 16 13 8 26 18 4 19 9 14 6 29 23 10 
6 12.544 8 16 28 12 11 21 19 2 4 0 25 1 23 
7 12.4631 9 29 21 15 11 7 1 16 18 2 19 4 27 
8 12.4846 3 16 11 4 8 18 2 7 29 0 19 22 26 
9 12.4658 4 17 3 14 29 12 25 22 16 26 6 8 7 
10 12.505 19 6 7 10 27 2 8 21 11 17 15 12 29 
11 12.5156 23 3 4 16 21 0 26 25 6 2 29 8 28 
12 12.4898 29 1 19 26 9 18 20 25 21 11 17 4 28 
13 12.5213 17 1 22 18 19 21 25 0 13 15 4 29 9 
14 12.5257 11 7 6 21 2 29 19 25 10 4 27 17 0 
15 12.526 17 7 6 14 3 21 26 4 27 19 23 18 11 
16 12.4799 6 16 1 24 8 14 22 4 7 12 9 19 0 
17 12.4812 28 29 14 22 4 3 18 7 6 16 26 8 15 
18 12.5097 13 25 15 26 19 11 2 21 0 17 4 1 18 
19 12.5159 26 14 6 16 2 25 5 3 21 19 0 4 8 
20 12.5575 7 16 8 4 2 28 0 9 19 29 18 3 26 
21 12.4781 21 16 13 10 4 19 27 29 7 25 0 23 17 
22 12.5413 3 17 25 27 19 23 0 6 12 4 21 29 7 
23 12.4057 8 26 18 7 21 6 5 29 4 14 3 22 0 
24 12.4571 25 28 14 21 6 17 10 23 15 29 4 18 0 
25 12.4793 0 11 4 16 27 1 6 25 29 17 28 21 18 
26 12.5209 2 28 7 16 4 14 19 27 11 25 21 18 1 
27 12.6005 16 11 12 19 7 23 4 9 25 27 3 26 15 
28 12.5134 22 23 11 21 29 25 13 17 12 8 2 19 18 
29 12.5692 7 2 21 12 25 11 4 22 16 28 26 10 8 
