0 12.3757 28 29 16 6 25 17 11 27 23 9 4 15 20 21 7 1 0 24 
1 12.5355 10 21 26 25 12 3 27 29 28 0 9 6 4 8 18 19 11 17 
2 12.3528 9 4 14 25 2 19 23 16 27 21 29 0 6 18 28 8 17 1 
3 12.3748 8 19 14 22 25 21 18 5 16 0 26 4 28 2 23 1 7 29 
4 12.4183 2 18 29 5 26 20 6 16 24 21 25 19 14 28 22 4 0 3 
5 12.4332 21 28 16 0 1 25 12 18 7 13 19 24 2 6 4 8 22 29 
6 12.5012 25 21 6 3 18 16 26 23 27 7 2 4 11 15 0 8 14 29 
7 12.3878 20 12 6 3 15 19 23 0 25 27 16 4 29 14 8 2 7 11 
8 12.3934 29 12 4 2 22 5 6 26 21 14 19 25 24 1 0 16 8 28 
9 12.4504 29 5 8 21 4 0 26 25 14 3 13 12 11 23 19 22 6 16 
10 12.4026 6 29 21 23 8 25 2 14 4 13 16 12 9 28 18 24 7 19 
11 12.4106 4 1 8 29 12 25 5 14 0 22 9 24 10 6 3 19 7 26 
12 12.488 15 10 22 6 25 21 26 14 29 23 16 4 24 28 18 3 7 19 
13 12.4592 8 21 20 15 17 4 29 0 28 22 24 16 18 6 25 14 23 3 
14 12.463 23 6 29 3 21 0 26 16 9 4 8 5 19 13 22 7 28 24 
15 12.5024 4 13 26 22 24 28 25 18 20 19 5 29 21 6 9 11 2 8 
16 12.4677 1 8 19 4 11 29 20 6 25 16 9 27 26 23 24 14 17 15 
17 12.4703 18 25 28 9 5 26 19 23 22 7 10 29 21 8 14 16 13 4 
18 12.4045 19 23 16 29 24 8 17 27 7 25 6 5 4 0 9 26 3 14 
19 12.3473 22 21 29 25 0 3 7 20 13 4 24 16 18 26 6 28 23 8 
20 12.4949 29 16 21 7 18 8 4 11 24 6 20 28 14 27 25 2 12 23 
21 12.4459 2 17 11 0 29 12 21 4 23 25 16 9 13 6 18 27 3 7 
22 12.5063 3 5 21 17 20 8 9 23 11 18 22 19 29 25 6 4 2 24 
23 12.5057 25 20 26 3 16 21 19 14 4 13 22 23 7 29 6 18 10 5 
24 12.4611 20 3 13 0 18 4 24 29 25 23 19 1 16 26 8 7 21 22 
25 12.4665 29 19 26 0 23 1 22 25 5 14 16 21 4 28 9 8 12 13 
26 12.4738 0 13 16 24 7 6 27 5 1 3 15 4 26 23 8 10 11 21 
27 12.4848 4 1 11 15 21 27 23 29 8 19 9 13 2 24 28 25 7 6 
28 12.4531 9 15 23 19 29 1 11 16 18 3 17 4 10 21 22 6 12 25 
29 12.3882 23 8 26 19 12 11 9 25 22 16 3 18 4 2 17 6 5 29 
