0 23593 23725 27 19 36 15 2 43 0 49 14 20 44 6 37 11 1 31 39 29 21 16 
1 23605 23645 43 15 16 12 0 2 29 44 48 28 1 25 31 35 23 6 41 20 7 18 
2 23593 23696 22 49 44 43 32 0 11 37 28 23 13 41 27 4 35 34 48 30 2 1 
3 23604 23693 2 36 8 31 37 44 43 6 10 34 49 39 0 1 13 22 47 35 29 25 
4 23607 23763 28 16 1 7 49 45 2 19 44 10 37 29 41 26 21 14 9 13 27 43 
5 23608 23708 6 24 25 42 8 37 0 29 40 34 39 1 46 26 44 28 47 14 48 2 
6 23596 23736 33 9 13 0 12 44 29 4 14 32 2 10 6 1 8 15 26 24 41 21 
7 23580 23741 0 35 42 49 44 33 26 2 38 14 8 34 21 1 48 20 10 12 13 6 
8 23598 23723 29 9 15 43 5 17 6 34 12 2 25 31 14 45 49 44 36 1 26 23 
9 23607 23707 31 29 8 35 10 18 6 44 42 21 47 38 16 23 9 49 5 20 17 2 
10 23567 23726 13 49 2 8 31 29 38 41 37 9 1 15 26 24 30 20 33 32 4 25 
11 23588 23706 24 29 9 4 12 41 2 33 1 31 18 43 23 5 28 38 32 0 21 6 
12 23608 23721 15 27 14 42 24 20 1 5 34 43 0 21 9 29 8 2 6 26 23 46 
13 23617 23776 6 33 18 0 28 30 41 12 8 29 42 3 2 47 16 1 20 26 14 36 
14 23575 23745 0 18 25 13 35 6 2 43 48 23 38 17 30 1 11 31 29 22 44 16 
15 23584 23786 37 26 9 16 31 2 30 14 33 27 13 47 1 38 24 25 21 10 43 20 
16 23597 23784 49 14 1 23 33 37 41 11 3 5 48 30 32 42 25 20 21 29 0 4 
17 23592 23702 0 12 33 26 49 8 27 13 46 4 35 1 24 44 16 41 2 18 21 6 
18 23569 23729 43 25 27 15 6 34 1 44 3 40 38 32 13 2 33 8 42 29 23 0 
19 23598 23745 1 44 47 36 0 37 42 12 34 2 13 48 38 41 4 43 3 49 29 23 
20 23614 23767 13 24 42 5 11 19 0 26 2 49 4 1 18 38 6 21 35 16 30 48 
21 23588 23726 38 0 46 27 5 6 8 41 24 2 48 21 11 33 23 22 18 29 1 37 
22 23581 23716 20 6 0 8 32 9 48 41 42 49 1 2 12 4 39 29 18 44 33 47 
23 23585 23645 42 31 12 21 9 44 24 18 32 20 16 15 6 27 1 29 22 43 5 2 
24 23592 23726 32 36 42 41 0 1 18 48 16 6 39 47 26 13 29 19 8 37 49 44 
25 23586 23719 36 8 10 47 41 49 1 2 38 42 6 0 44 3 35 32 20 18 11 16 
26 23613 23738 26 2 18 40 29 47 48 43 25 13 16 0 23 44 27 6 17 9 1 35 
27 23580 23793 9 0 27 2 33 46 10 29 48 20 44 34 41 49 38 42 35 6 3 36 
28 23591 23723 2 19 5 22 30 31 41 35 37 42 16 8 48 29 26 0 25 18 32 44 
29 23592 23700 41 20 35 44 3 21 23 42 1 5 9 36 30 8 0 37 34 31 38 29 
