0 12.7736 15 19 
1 12.7736 19 15 
2 12.885 28 8 
3 12.8838 19 33 
4 12.885 8 28 
5 12.8838 33 19 
6 12.7736 15 19 
7 12.9005 20 8 
8 12.8838 19 33 
9 12.8838 33 19 
10 12.7736 15 19 
11 12.7736 15 19 
12 12.7736 19 15 
13 12.8838 33 19 
14 12.8838 19 33 
15 12.885 28 8 
16 12.8838 33 19 
17 12.7736 15 19 
18 12.885 8 28 
19 12.7736 15 19 
20 12.7736 19 15 
21 12.8838 33 19 
22 12.7736 19 15 
23 12.885 8 28 
24 12.7736 15 19 
25 12.9005 20 8 
26 12.7736 19 15 
27 12.7736 19 15 
28 12.7736 15 19 
29 12.8838 19 33 
