0 12.7828 38 11 17 13 29 3 6 26 10 33 0 28 42 36 
1 12.6881 36 15 33 3 27 31 24 14 32 22 17 35 20 25 
2 12.8545 44 12 0 21 49 31 47 35 25 6 30 3 29 33 
3 12.7385 45 24 30 11 29 23 27 22 0 13 20 15 32 47 
4 12.8005 11 25 35 29 3 47 5 0 19 48 43 36 6 38 
5 12.8333 32 26 15 49 17 27 22 33 41 39 19 45 24 11 
6 12.7846 28 39 32 33 34 4 16 7 19 43 13 38 27 17 
7 12.8096 19 24 8 25 20 6 33 28 26 1 38 30 22 15 
8 12.8842 30 18 14 9 44 20 38 46 22 8 42 43 33 29 
9 12.9017 15 8 12 21 47 13 7 42 44 46 3 43 4 11 
10 12.7605 12 24 14 23 22 38 3 13 46 45 44 8 30 33 
11 12.8877 24 46 2 19 33 49 17 22 38 31 5 1 34 21 
12 12.7379 31 13 33 47 14 34 0 17 22 26 27 45 20 25 
13 12.7894 38 46 47 1 3 21 11 45 8 33 17 29 24 49 
14 12.8887 33 47 15 16 43 42 39 27 34 49 20 32 38 44 
15 12.7918 11 29 12 22 9 30 7 46 45 33 8 39 35 17 
16 12.8332 46 4 41 8 32 16 23 15 17 39 20 7 47 22 
17 12.8232 2 34 15 42 28 19 48 16 32 7 17 46 43 41 
18 12.878 8 3 18 5 25 11 47 26 9 49 13 4 27 48 
19 12.7351 46 32 13 38 40 22 21 6 33 43 47 17 5 30 
20 12.7861 9 32 17 22 41 19 26 45 27 15 34 23 18 47 
21 12.7728 8 29 38 46 27 30 45 1 24 37 41 5 47 13 
22 12.834 4 19 25 42 32 34 31 41 40 29 33 7 22 17 
23 12.8177 7 22 38 21 35 5 23 3 30 32 19 6 39 8 
24 12.7806 17 23 3 45 22 30 41 5 33 35 34 15 29 48 
25 12.6691 35 5 46 28 47 15 29 26 21 44 8 33 30 11 
26 12.7266 33 27 14 41 22 31 32 17 35 36 1 15 6 20 
27 12.8181 23 6 29 46 15 3 11 5 38 19 45 48 21 9 
28 12.841 11 38 37 13 42 30 43 0 45 1 29 19 48 26 
29 12.9221 18 10 8 36 42 33 45 11 27 41 9 28 23 34 
