0 12.7756 6 7 30 34 13 27 5 17 32 29 24 35 
1 12.8475 23 33 26 12 30 42 5 7 4 32 8 6 
2 12.7514 41 47 3 46 38 45 10 14 24 42 11 19 
3 12.7221 20 38 6 15 32 29 16 47 27 5 36 40 
4 12.7303 29 41 30 45 7 23 24 38 35 13 5 21 
5 12.6621 9 32 46 13 27 30 24 25 44 29 33 1 
6 12.9102 31 5 22 45 25 34 39 18 30 8 19 46 
7 12.8276 47 10 15 24 5 7 8 45 6 31 14 12 
8 12.8233 10 29 48 8 0 9 18 7 47 15 11 42 
9 12.8397 38 21 20 25 45 14 5 8 15 32 41 47 
10 12.719 11 1 14 6 17 29 34 30 37 5 15 22 
11 12.8083 45 1 33 8 11 21 22 41 30 31 4 15 
12 12.7002 15 33 17 1 40 21 24 41 32 23 30 29 
13 12.7079 13 24 36 47 32 33 34 21 15 26 1 19 
14 12.823 7 34 8 39 16 18 33 36 4 22 15 17 
15 12.8416 26 8 16 11 43 24 39 18 0 17 28 15 
16 12.7216 17 33 18 26 45 13 32 38 7 5 30 22 
17 12.8946 18 0 11 22 34 49 44 31 32 45 3 39 
18 12.7321 32 36 15 47 49 33 7 38 46 24 20 39 
19 12.6681 15 17 30 11 0 14 41 22 32 6 27 47 
20 12.7589 41 32 6 43 39 21 17 11 13 19 22 30 
21 12.7844 36 31 13 35 6 47 30 25 43 38 32 45 
22 12.8441 46 32 44 42 21 41 24 9 8 30 15 17 
23 12.7566 43 6 47 14 28 30 7 32 42 38 18 15 
24 12.7245 32 7 23 29 9 14 19 17 15 40 47 39 
25 12.8116 30 15 8 6 45 40 46 5 32 19 10 21 
26 12.7395 44 32 30 33 6 15 23 19 34 46 22 49 
27 12.8747 8 36 22 6 10 23 3 31 42 47 32 45 
28 12.846 42 19 38 39 43 18 8 27 32 41 21 49 
29 12.8275 41 23 39 38 35 36 33 45 19 47 11 25 
