0 12.4968 32 14 15 19 
1 12.677 11 9 47 28 
2 12.5068 38 30 19 32 
3 12.5352 17 6 32 46 
4 12.7097 30 35 33 5 
5 12.6508 39 47 19 30 
6 12.5688 45 0 19 32 
7 12.6814 32 28 19 38 
8 12.653 29 41 19 32 
9 12.6778 37 33 8 6 
10 12.7156 15 35 8 30 
11 12.612 46 6 15 28 
12 12.6271 33 2 15 47 
13 12.6006 32 5 7 16 
14 12.626 32 15 7 19 
15 12.7239 7 9 33 1 
16 12.6378 32 17 19 40 
17 12.5887 15 46 32 41 
18 12.679 8 39 19 32 
19 12.6051 5 30 17 32 
20 12.7185 6 19 47 33 
21 12.6647 17 46 8 33 
22 12.4902 19 15 46 32 
23 12.6536 2 30 11 33 
24 12.6218 26 12 30 33 
25 12.6442 17 7 13 11 
26 12.5352 32 17 46 6 
27 12.7185 33 19 47 6 
28 12.6084 19 15 5 38 
29 12.6592 34 49 15 47 
