0 12.7443 15 25 27 
1 12.6469 8 15 22 
2 12.5664 5 17 7 
3 12.675 15 6 27 
4 12.5984 22 6 8 
5 12.6666 5 17 8 
6 12.6469 8 22 15 
7 12.5664 7 5 17 
8 12.6469 22 8 15 
9 12.5984 8 6 22 
10 12.6666 5 17 8 
11 12.5664 7 5 17 
12 12.5652 27 8 15 
13 12.675 27 6 15 
14 12.6469 22 8 15 
15 12.5652 8 15 27 
16 12.5664 17 5 7 
17 12.6884 15 5 27 
18 12.5664 17 5 7 
19 12.6884 27 5 15 
20 12.5984 22 8 6 
21 12.5984 8 6 22 
22 12.5984 8 6 22 
23 12.6989 15 1 27 
24 12.5652 8 27 15 
25 12.6989 27 15 1 
26 12.5652 15 27 8 
27 12.5652 27 8 15 
28 12.675 15 6 27 
29 12.6469 22 8 15 
