0 12.6793 17 18 0 13 5 26 11 
1 12.7912 6 5 29 7 17 0 22 
2 12.5389 8 6 15 7 29 21 4 
3 12.7044 19 15 5 14 2 20 4 
4 12.7931 28 14 23 27 22 13 17 
5 12.7271 16 28 24 8 14 17 15 
6 12.8112 0 11 22 1 26 9 28 
7 12.6474 6 28 21 0 11 17 9 
8 12.6462 29 9 5 17 21 27 13 
9 12.7703 7 15 29 6 4 21 5 
10 12.7023 6 27 14 5 17 15 22 
11 12.5721 29 26 28 7 17 20 22 
12 12.7376 11 17 6 0 9 3 22 
13 12.64 28 29 22 1 26 7 12 
14 12.7146 29 17 7 22 11 28 26 
15 12.6633 23 28 0 6 25 17 4 
16 12.7777 12 25 6 4 0 21 13 
17 12.8582 17 14 8 7 29 10 28 
18 12.7228 7 14 12 13 22 11 29 
19 12.8192 7 6 23 4 8 14 15 
20 12.7521 13 26 9 17 12 28 29 
21 12.7828 13 12 20 19 29 22 7 
22 12.8056 4 22 24 6 1 19 28 
23 12.6622 15 1 6 8 23 20 22 
24 12.6926 7 29 4 21 5 2 8 
25 12.751 16 29 6 8 15 7 21 
26 12.6273 13 22 11 24 17 20 15 
27 12.7499 28 7 29 9 24 19 15 
28 12.6212 17 20 24 15 21 13 27 
29 12.8105 6 19 20 28 23 0 11 
