0 12.6069 19 1 
1 12.7298 19 6 
2 12.6069 1 19 
3 12.6069 1 19 
4 12.6069 19 1 
5 12.6069 19 1 
6 12.7298 6 19 
7 12.6069 19 1 
8 12.6069 19 1 
9 12.6069 19 1 
10 12.6069 19 1 
11 12.6069 19 1 
12 12.6069 19 1 
13 12.6069 1 19 
14 12.6069 19 1 
15 12.6069 19 1 
16 12.6069 19 1 
17 12.6069 1 19 
18 12.7298 6 19 
19 12.6069 1 19 
20 12.6069 19 1 
21 12.6069 19 1 
22 12.6069 19 1 
23 12.6069 19 1 
24 12.6069 1 19 
25 12.6069 1 19 
26 12.6069 19 1 
27 12.6069 19 1 
28 12.7298 19 6 
29 12.7298 19 6 
