0 12.5177 21 1 15 17 
1 12.6692 24 7 15 11 
2 12.6823 19 15 27 28 
3 12.6215 22 13 15 4 
4 12.6545 11 21 6 28 
5 12.7143 1 8 27 22 
6 12.5259 11 23 5 6 
7 12.6766 21 17 22 13 
8 12.7333 29 15 23 7 
9 12.6362 9 6 28 19 
10 12.7131 15 18 22 8 
11 12.6405 22 8 15 13 
12 12.5784 5 7 19 15 
13 12.6392 27 22 8 13 
14 12.6405 22 15 8 13 
15 12.7233 15 8 10 6 
16 12.6766 13 22 21 17 
17 12.6338 15 5 7 2 
18 12.6545 11 21 6 28 
19 12.6692 11 15 7 24 
20 12.7251 6 12 22 13 
21 12.6545 28 11 21 6 
22 12.5259 6 5 23 11 
23 12.5942 19 15 9 11 
24 12.5177 1 15 21 17 
25 12.5177 1 21 15 17 
26 12.5177 21 15 17 1 
27 12.6362 19 28 6 9 
28 12.6646 15 27 13 8 
29 12.6278 19 22 15 13 
