0 23576 23733 49 1 38 43 23 2 41 18 8 13 
1 23568 23706 30 13 6 23 1 2 21 44 8 11 
2 23591 23756 27 35 29 16 2 48 23 25 9 1 
3 23597 23750 41 39 30 17 42 1 23 28 44 8 
4 23589 23659 7 33 43 35 29 5 1 44 3 32 
5 23584 23753 1 35 7 37 15 46 6 41 48 40 
6 23583 23813 37 19 49 23 16 12 44 42 20 1 
7 23559 23650 29 1 44 38 46 5 6 26 2 34 
8 23579 23745 42 15 19 8 2 21 47 44 6 37 
9 23585 23790 48 6 44 4 39 1 15 35 25 30 
10 23595 23682 2 44 1 31 23 29 12 37 16 11 
11 23560 23666 6 20 44 14 1 18 19 29 9 2 
12 23576 23670 1 13 25 44 46 35 10 2 4 23 
13 23597 23689 15 35 46 21 37 1 13 24 44 2 
14 23590 23784 26 41 25 29 1 20 35 6 12 21 
15 23566 23713 17 2 44 40 18 48 1 23 45 30 
16 23552 23716 1 0 44 14 27 2 6 18 28 43 
17 23580 23809 46 13 42 1 44 37 30 41 48 17 
18 23557 23738 37 15 42 20 38 23 28 1 17 2 
19 23585 23815 6 2 5 37 8 19 48 23 0 21 
20 23588 23756 42 37 43 20 48 16 29 41 1 10 
21 23569 23714 0 18 16 31 41 2 20 36 44 45 
22 23601 23761 18 47 44 20 5 45 42 13 37 1 
23 23564 23696 15 43 6 1 49 35 42 38 2 47 
24 23597 23703 0 31 38 13 26 42 32 2 1 44 
25 23561 23747 6 20 26 2 29 3 37 10 31 44 
26 23550 23701 2 23 42 15 44 1 5 36 9 43 
27 23569 23814 18 1 43 10 5 6 2 21 30 49 
28 23597 23702 14 29 0 37 48 6 38 46 2 13 
29 23539 23710 1 29 33 6 37 8 31 44 38 20 
