0 13.2783 0 7 24 11 18 20 19 29 5 17 15 1 3 12 28 6 23 14 16 2 26 21 9 22 10 25 8 27 13 4 
1 13.2783 14 22 23 9 28 15 21 29 11 4 26 2 25 10 19 0 17 8 27 1 13 20 3 12 16 7 6 5 18 24 
2 13.2783 24 25 15 29 0 8 21 28 26 19 1 5 14 10 12 20 23 18 17 16 11 9 22 2 3 13 6 4 27 7 
3 13.2783 6 9 17 5 13 22 24 2 27 14 1 8 23 4 11 26 29 25 16 0 19 3 18 10 21 12 7 15 28 20 
4 13.2783 3 9 26 14 4 24 18 5 25 2 13 27 20 1 10 8 29 17 6 12 15 0 28 22 19 11 23 7 21 16 
5 13.2783 21 10 14 15 9 28 1 19 5 11 4 20 7 3 23 27 18 12 6 17 16 29 2 24 25 13 26 22 0 8 
6 13.2783 8 20 27 25 17 6 24 9 7 19 14 3 12 4 22 10 1 5 11 28 0 2 23 13 21 18 29 26 15 16 
7 13.2783 1 10 17 3 7 26 16 15 11 5 29 9 28 25 19 2 20 13 14 8 4 6 27 22 12 23 24 18 21 0 
8 13.2783 2 23 3 7 26 27 22 6 18 19 4 10 1 14 13 11 16 0 20 8 9 29 12 28 24 15 17 25 21 5 
9 13.2783 24 16 1 15 4 2 8 26 20 18 5 23 13 14 11 6 28 9 17 21 22 27 29 12 19 7 10 0 3 25 
10 13.2783 3 9 10 23 29 5 16 21 26 12 1 28 24 7 20 17 4 0 18 15 2 8 14 25 13 6 22 19 11 27 
11 13.2783 6 3 22 14 18 16 13 21 24 2 5 15 12 20 25 29 8 7 1 11 9 10 0 28 27 26 23 4 17 19 
12 13.2783 9 21 28 1 7 25 17 27 6 15 3 11 10 5 13 29 18 0 16 4 14 2 12 8 23 24 20 26 22 19 
13 13.2783 17 26 16 27 3 28 18 4 8 7 14 22 9 19 29 6 24 12 1 2 11 23 10 25 20 13 15 0 21 5 
14 13.2783 21 10 22 15 27 16 1 4 25 14 19 8 5 6 20 23 2 26 13 9 28 18 17 11 3 7 29 0 24 12 
15 13.2783 1 17 8 24 13 5 29 0 4 10 7 25 11 27 20 19 16 26 15 2 12 28 21 14 9 18 23 3 6 22 
16 13.2783 7 10 3 28 17 16 18 25 1 22 15 23 20 21 4 6 14 8 24 5 11 27 26 12 0 9 29 13 2 19 
17 13.2783 25 19 29 10 16 0 7 23 15 1 17 13 28 12 8 4 18 3 21 24 11 26 6 9 14 27 22 20 5 2 
18 13.2783 11 18 15 8 2 12 16 7 26 17 20 21 5 13 10 19 6 3 23 28 24 22 25 29 0 4 9 27 1 14 
19 13.2783 26 17 3 8 7 15 12 20 21 29 25 0 19 14 11 27 10 22 9 13 16 4 1 2 6 5 24 23 18 28 
20 13.2783 15 25 1 22 6 17 12 11 23 10 7 20 5 13 26 4 21 3 16 9 28 24 0 29 27 18 8 14 19 2 
21 13.2783 26 14 17 21 1 16 23 9 13 19 11 10 5 25 15 4 2 18 28 3 27 12 0 24 7 6 22 20 8 29 
22 13.2783 22 18 27 15 11 8 12 13 10 5 26 21 24 16 28 9 25 14 4 17 2 7 1 0 6 19 3 20 23 29 
23 13.2783 11 5 4 6 25 12 13 17 27 0 15 14 7 3 2 20 19 23 24 18 10 29 1 26 22 9 16 8 28 21 
24 13.2783 7 10 11 16 25 13 4 22 21 24 0 3 12 2 9 6 26 19 20 5 1 18 8 14 15 17 27 23 28 29 
25 13.2783 8 18 24 11 4 25 14 1 0 9 10 3 27 2 20 23 7 16 29 5 22 17 15 26 21 12 19 13 6 28 
26 13.2783 2 6 27 14 9 19 20 8 13 17 26 10 23 11 5 1 22 12 28 7 4 15 21 24 18 3 0 29 25 16 
27 13.2783 27 5 20 17 28 6 4 13 25 2 8 11 29 15 16 10 1 22 14 0 23 9 24 19 26 7 18 21 12 3 
28 13.2783 25 2 15 5 7 6 4 0 20 17 22 24 16 23 14 11 29 28 8 12 3 18 21 13 9 10 26 27 19 1 
29 13.2783 2 13 27 3 12 23 14 4 1 5 7 21 19 25 16 26 6 0 15 11 29 10 18 20 17 22 8 24 9 28 
