0 12.7536 6 8 26 7 22 
1 12.7463 17 26 3 28 11 
2 12.7268 22 11 25 29 7 
3 12.7435 7 15 22 2 19 
4 12.8108 14 7 0 15 16 
5 12.8161 22 6 15 26 20 
6 12.8255 29 7 28 1 11 
7 12.7814 27 29 15 25 2 
8 12.8422 11 0 28 5 22 
9 12.869 7 21 2 15 19 
10 12.8334 17 21 7 6 5 
11 12.7411 25 17 27 21 6 
12 12.8409 22 11 17 20 14 
13 12.6774 27 15 19 29 16 
14 12.8607 21 15 17 6 0 
15 12.842 8 28 22 26 17 
16 12.7536 26 6 7 22 8 
17 12.7386 29 1 21 17 12 
18 12.6674 29 28 23 7 17 
19 12.775 28 6 11 19 17 
20 12.7851 8 7 5 2 24 
21 12.6182 17 13 15 21 14 
22 12.6156 7 11 17 29 28 
23 12.8678 0 8 16 7 5 
24 12.8334 6 17 21 7 5 
25 12.5706 22 17 11 28 2 
26 12.7936 11 23 20 28 13 
27 12.7351 17 21 22 11 28 
28 12.7512 0 28 11 17 22 
29 12.814 22 29 17 13 10 
