0 12.748 47 21 33 15 22 26 29 3 24 40 30 19 8 20 4 16 17 1 5 
1 12.853 49 33 2 34 46 3 15 36 35 20 39 44 38 6 25 32 45 21 24 
2 12.8675 6 22 17 43 1 24 38 39 44 15 33 2 47 35 30 20 13 29 45 
3 12.745 49 28 1 21 38 10 17 16 29 3 46 31 33 27 14 35 22 7 30 
4 12.9114 37 24 33 2 17 21 16 15 28 41 27 44 30 32 1 14 29 22 35 
5 12.9051 1 6 46 47 10 31 24 32 17 39 5 21 36 11 2 30 15 34 22 
6 12.8832 4 29 39 48 16 3 9 11 26 41 6 17 44 8 28 35 21 40 42 
7 12.8541 22 21 8 6 43 42 27 19 32 12 45 34 23 11 3 38 5 16 7 
8 12.7692 27 30 21 2 15 13 46 20 22 1 16 17 25 49 44 18 31 24 29 
9 12.7876 21 17 33 26 34 27 1 47 3 24 35 14 39 29 28 11 43 6 20 
10 12.901 11 43 16 37 26 22 38 29 48 6 49 8 44 17 10 41 31 1 5 
11 12.8012 6 20 32 8 35 47 46 26 14 31 1 22 30 33 40 43 29 21 13 
12 12.9201 33 35 37 1 45 6 16 23 24 28 43 31 49 17 18 0 11 12 22 
13 12.8609 11 21 3 33 9 26 30 19 17 32 15 31 38 48 14 18 29 49 46 
14 12.9252 47 40 22 28 10 25 32 18 6 9 44 31 39 8 11 3 26 42 35 
15 12.9484 47 10 39 37 13 18 12 45 28 20 4 15 1 11 44 35 36 26 16 
16 12.8626 18 42 45 21 7 35 14 8 33 27 30 19 36 17 4 5 0 13 43 
17 12.669 15 17 39 3 45 27 4 20 41 32 33 14 13 31 28 38 35 30 21 
18 12.8506 32 20 9 2 5 10 3 14 6 30 15 47 42 31 46 33 17 22 29 
19 12.8659 26 33 27 43 0 35 44 11 28 38 49 47 36 8 29 45 39 6 9 
20 12.702 21 11 44 24 39 29 32 1 46 9 28 14 33 10 15 30 4 47 5 
21 12.8787 42 29 5 26 43 46 24 11 6 45 31 9 28 22 48 23 44 35 33 
22 12.7037 23 45 27 47 24 39 6 22 17 30 32 41 14 11 33 5 29 20 42 
23 12.7453 36 48 2 21 33 11 22 15 46 29 39 38 32 49 20 3 31 34 7 
24 12.8512 1 41 33 35 39 40 13 19 11 14 15 46 29 43 38 24 45 22 47 
25 12.8487 47 42 5 19 15 20 28 46 7 41 22 38 36 4 32 11 30 6 24 
26 12.8672 19 14 24 41 18 47 35 29 7 11 38 21 32 13 27 34 5 36 17 
27 12.861 39 45 26 44 31 35 37 8 33 42 15 30 6 20 47 7 11 14 23 
28 12.8748 47 39 22 27 34 11 8 24 38 45 26 33 3 18 13 35 32 15 21 
29 12.8215 8 3 30 33 46 28 9 11 18 15 5 29 4 41 24 20 32 47 17 
