0 12.6866 49 32 33 31 36 15 47 21 
1 12.7 22 39 17 35 41 28 49 32 
2 12.4465 34 47 44 32 39 48 3 8 
3 12.6333 1 20 39 34 47 29 5 32 
4 12.6534 46 30 6 21 32 11 44 34 
5 12.534 15 39 5 32 46 4 28 22 
6 12.5478 23 15 33 32 18 22 13 6 
7 12.7368 39 32 3 25 18 28 27 47 
8 12.554 13 2 15 33 22 1 17 32 
9 12.5822 17 13 32 27 1 28 12 23 
10 12.6521 32 25 15 39 29 14 46 42 
11 12.6735 38 39 42 40 5 21 31 45 
12 12.6729 15 24 32 14 11 29 36 39 
13 12.6172 15 42 32 25 1 34 10 27 
14 12.687 34 20 33 17 2 27 19 13 
15 12.5871 32 36 11 30 22 18 6 8 
16 12.7517 26 5 33 18 31 8 22 19 
17 12.6811 32 33 25 14 46 41 22 40 
18 12.6604 8 38 5 45 32 40 30 13 
19 12.7255 1 11 18 43 33 9 41 30 
20 12.5261 6 13 34 17 39 32 29 30 
21 12.6369 20 34 6 47 39 15 32 27 
22 12.6013 41 7 32 1 22 46 9 47 
23 12.636 49 23 32 1 47 46 34 20 
24 12.7235 8 19 6 33 28 13 38 7 
25 12.4908 39 15 47 32 20 14 3 4 
26 12.6857 33 45 5 22 32 47 6 28 
27 12.5869 7 34 30 19 22 13 1 38 
28 12.4977 6 24 47 3 20 15 32 39 
29 12.6187 28 27 47 23 21 5 45 30 
