0 12.9658 3 12 30 40 13 46 9 43 0 26 4 42 45 36 6 29 11 35 49 16 17 19 28 44 24 
1 12.919 38 45 19 28 15 7 31 29 0 14 20 8 49 4 9 11 24 5 21 35 46 25 2 33 47 
2 13.0155 22 28 8 34 40 11 5 32 38 39 7 46 42 19 16 12 44 25 31 10 33 18 17 0 20 
3 12.984 25 36 49 22 34 12 6 7 19 16 4 35 43 32 3 10 42 15 39 24 28 18 21 23 33 
4 12.9809 43 28 5 23 3 0 18 45 4 33 42 39 22 24 32 17 37 1 8 35 19 7 49 34 14 
5 12.9469 24 30 27 23 17 45 8 31 0 26 47 34 32 3 46 39 16 14 21 15 38 29 13 11 1 
6 12.9823 27 1 11 44 5 31 8 7 42 43 38 45 39 18 2 32 4 19 24 49 29 23 34 10 22 
7 13.0162 37 2 1 7 15 17 9 22 20 4 39 8 28 38 43 11 29 21 27 47 34 46 12 32 18 
8 13.0124 29 39 36 41 38 12 31 28 7 4 23 9 30 20 3 14 22 0 44 43 32 45 10 11 42 
9 12.8664 13 5 18 31 47 27 17 1 14 42 20 33 11 30 39 41 38 29 25 15 35 45 21 12 7 
10 13.0521 23 36 31 11 8 35 14 6 46 29 7 42 40 38 1 30 4 17 24 22 5 28 19 0 34 
11 12.9881 7 49 18 19 48 46 13 43 33 42 32 28 0 23 15 4 34 8 21 11 47 38 10 6 30 
12 12.7622 31 36 29 39 32 14 7 16 26 22 21 1 9 15 46 20 38 5 13 12 47 3 33 30 24 
13 12.9877 47 35 8 27 21 22 1 3 28 31 45 43 6 38 48 34 44 5 32 13 19 14 29 40 30 
14 12.9592 18 45 43 30 42 10 24 8 27 16 2 19 47 34 35 20 46 7 29 22 28 23 32 36 4 
15 13.0423 49 22 18 36 12 9 0 23 11 21 17 47 5 13 42 34 28 29 39 10 7 14 48 30 19 
16 13.0005 21 27 41 22 20 46 6 36 33 32 38 42 29 25 40 31 8 14 49 23 39 35 47 45 1 
17 13.0426 49 45 16 34 25 11 12 19 44 41 9 29 28 2 43 7 4 22 37 10 31 48 30 42 47 
18 12.9213 24 29 21 35 33 1 7 22 26 45 44 14 12 3 9 49 46 27 47 28 31 36 6 38 20 
19 12.8163 17 25 33 34 46 27 28 2 38 8 20 40 13 15 29 47 7 30 49 21 10 19 45 24 3 
20 12.9413 40 5 0 29 12 11 49 31 30 43 37 42 6 32 18 45 28 19 47 17 26 25 23 44 35 
21 13.0377 17 42 36 12 41 3 29 10 22 8 38 9 2 43 44 28 11 23 27 1 25 4 34 16 32 
22 12.9356 47 10 49 36 29 38 1 46 32 45 39 20 14 6 31 41 44 13 35 33 34 27 22 17 37 
23 13.0203 13 1 7 12 32 27 45 17 10 11 44 33 34 14 23 4 47 26 18 39 22 35 28 42 25 
24 13.0121 9 21 29 22 3 4 32 11 0 42 15 34 44 2 39 45 17 7 8 30 6 43 19 35 28 
25 12.9926 33 25 14 0 45 42 20 1 11 30 29 27 23 46 16 32 18 39 3 36 21 24 15 8 38 
26 12.9565 23 31 11 6 7 38 13 42 17 34 39 44 19 22 24 3 8 28 43 9 26 21 32 47 45 
27 12.9607 35 22 6 26 45 11 28 37 20 40 42 43 12 25 27 31 44 8 4 10 29 3 14 1 16 
28 12.9238 49 0 8 10 27 6 31 39 11 17 16 44 42 43 41 9 3 28 12 15 48 40 34 32 35 
29 12.987 36 23 21 42 46 28 7 18 10 12 4 1 8 19 39 5 11 33 44 35 15 32 40 37 30 
