0 12.0608 15 47 41 40 
1 11.9931 41 47 15 49 
2 12.1116 15 31 47 4 
3 12.1411 15 47 31 48 
4 12.1079 34 6 47 7 
5 12.0748 15 4 8 47 
6 11.9773 48 16 47 42 
7 12.0129 47 16 49 41 
8 12.279 25 23 47 7 
9 12.1807 7 34 47 42 
10 12.2144 7 49 23 47 
11 12.167 31 16 47 48 
12 11.9892 23 3 6 47 
13 12.0516 17 47 19 3 
14 12.1092 3 31 47 23 
15 12.0895 39 13 6 47 
16 12.0529 49 18 41 47 
17 12.0207 47 17 43 1 
18 11.9067 15 16 47 40 
19 12.0878 7 42 47 21 
20 12.1302 43 15 47 16 
21 12.0529 47 41 18 49 
22 12.0929 28 6 47 40 
23 12.1302 41 8 28 47 
24 12.166 47 28 49 39 
25 12.0835 6 10 17 47 
26 12.0652 8 15 47 17 
27 12.1179 17 47 3 23 
28 12.055 41 42 47 49 
29 12.2191 19 18 47 7 
