.\descending\train\R011608_0008_003.txt 1 16 8 90 90
 1 1 8 49 49 43 43 26 26 78 78 87 87 81 81 17 17 80 80
 1 2 7 20 20 5 5 60 60 67 67 19 19 69 69 29 29
 1 3 6 21 21 18 18 79 79 84 84 75 75 2 2
 1 4 5 23 23 11 11 48 48 7 7 90 90
 1 5 4 86 86 82 82 85 85 64 64
 1 6 3 62 62 83 83 1 1
 1 7 2 73 73 36 36
 1 8 1 77 77
 1 9 54 27 27 13 13 16 16 50 50 53 53 32 32 72 72 39 39 45 45 71 71 42 42 88 88 41 41 66 66 70 70 10 10 89 89 34 34 57 57 37 37 24 24 44 44 15 15 4 4 46 46 22 22 30 30 59 59 33 33 58 58 8 8 68 68 35 35 76 76 56 56 55 55 28 28 74 74 54 54 61 61 25 25 52 52 6 6 51 51 65 65 9 9 3 3 63 63 14 14 12 12 31 31 38 38 47 47 40 40
 1 10 0
 1 11 0
 1 12 0
 1 13 0
 1 14 0
 1 15 0
 1 16 0
