.\descending\train\R021606_0006_003.txt 2 16 6 140 140
 1 1 6 24 24 7 7 78 78 1 1 37 37 33 33
 1 2 6 51 51 108 108 136 136 90 90 14 14 13 13
 1 3 6 52 52 69 69 93 93 106 106 20 20 125 125
 1 4 5 100 100 63 63 133 133 73 73 101 101
 1 5 5 113 113 122 122 49 49 23 23 127 127
 1 6 5 45 45 115 115 10 10 139 139 99 99
 1 7 4 102 102 48 48 60 60 40 40
 1 8 4 104 104 29 29 88 88 79 79
 1 9 4 65 65 126 126 16 16 110 110
 1 10 3 96 96 59 59 74 74
 1 11 3 131 131 82 82 72 72
 1 12 3 84 84 119 119 19 19
 1 13 2 95 95 21 21
 1 14 2 56 56 97 97
 1 15 2 135 135 109 109
 1 16 1 111 111
 2 1 1 76 76
 2 2 1 34 34
 2 3 77 42 42 103 103 138 138 43 43 50 50 36 36 22 22 124 124 54 54 87 87 17 17 15 15 137 137 128 128 134 134 118 118 2 2 35 35 89 89 64 64 116 116 130 130 11 11 32 32 86 86 57 57 4 4 91 91 123 123 68 68 3 3 92 92 129 129 6 6 83 83 80 80 44 44 26 26 70 70 39 39 67 67 58 58 31 31 25 25 8 8 61 61 114 114 12 12 27 27 41 41 5 5 81 81 107 107 121 121 132 132 53 53 94 94 55 55 105 105 47 47 28 28 112 112 75 75 71 71 18 18 120 120 117 117 38 38 46 46 30 30 140 140 9 9 98 98 66 66 77 77 62 62 85 85
 2 4 0
 2 5 0
 2 6 0
 2 7 0
 2 8 0
 2 9 0
 2 10 0
 2 11 0
 2 12 0
 2 13 0
 2 14 0
 2 15 0
 2 16 0
