.\descending\train\R021608_0008_001.txt 2 16 8 190 190
 1 1 8 169 169 11 11 9 9 22 22 164 164 38 38 30 30 98 98
 1 2 8 143 143 90 90 158 158 71 71 162 162 57 57 96 96 12 12
 1 3 8 13 13 50 50 148 148 161 161 127 127 10 10 42 42 165 165
 1 4 7 56 56 99 99 51 51 46 46 155 155 176 176 23 23
 1 5 7 151 151 146 146 25 25 142 142 130 130 180 180 92 92
 1 6 7 128 128 36 36 166 166 132 132 73 73 103 103 131 131
 1 7 6 102 102 182 182 19 19 178 178 40 40 89 89
 1 8 6 177 177 29 29 145 145 65 65 104 104 68 68
 1 9 6 95 95 170 170 110 110 135 135 76 76 147 147
 1 10 5 8 8 49 49 18 18 1 1 44 44
 1 11 5 35 35 183 183 105 105 16 16 39 39
 1 12 5 101 101 171 171 52 52 116 116 32 32
 1 13 4 113 113 123 123 185 185 107 107
 1 14 4 62 62 117 117 83 83 55 55
 1 15 4 172 172 77 77 129 129 181 181
 1 16 3 2 2 69 69 159 159
 2 1 3 88 88 125 125 137 137
 2 2 3 173 173 94 94 45 45
 2 3 2 111 111 28 28
 2 4 2 53 53 58 58
 2 5 2 21 21 175 175
 2 6 1 120 120
 2 7 1 61 61
 2 8 1 189 189
 2 9 82 121 121 186 186 80 80 160 160 14 14 17 17 85 85 43 43 140 140 66 66 78 78 26 26 190 190 136 136 59 59 118 118 97 97 5 5 63 63 152 152 41 41 72 72 86 86 6 6 84 84 134 134 115 115 4 4 109 109 122 122 15 15 174 174 31 31 20 20 179 179 81 81 112 112 67 67 100 100 138 138 27 27 75 75 188 188 167 167 184 184 163 163 87 87 168 168 33 33 24 24 154 154 34 34 156 156 144 144 70 70 106 106 124 124 60 60 150 150 133 133 139 139 149 149 91 91 187 187 82 82 153 153 141 141 47 47 3 3 48 48 54 54 93 93 157 157 74 74 64 64 7 7 37 37 79 79 119 119 126 126 114 114 108 108
 2 10 0
 2 11 0
 2 12 0
 2 13 0
 2 14 0
 2 15 0
 2 16 0
