.\descending\train\R021608_0008_003.txt 2 16 8 190 190
 1 1 8 80 80 9 9 79 79 47 47 56 56 172 172 77 77 29 29
 1 2 8 129 129 136 136 43 43 78 78 115 115 117 117 13 13 8 8
 1 3 8 180 180 153 153 94 94 183 183 99 99 32 32 20 20 107 107
 1 4 7 166 166 160 160 35 35 83 83 30 30 103 103 148 148
 1 5 7 59 59 121 121 3 3 125 125 161 161 186 186 176 176
 1 6 7 15 15 46 46 141 141 130 130 65 65 72 72 48 48
 1 7 6 54 54 157 157 44 44 178 178 127 127 7 7
 1 8 6 2 2 189 189 16 16 85 85 155 155 74 74
 1 9 6 164 164 112 112 101 101 92 92 174 174 18 18
 1 10 5 25 25 116 116 17 17 68 68 76 76
 1 11 5 146 146 168 168 22 22 151 151 111 111
 1 12 5 123 123 128 128 70 70 39 39 96 96
 1 13 4 108 108 26 26 185 185 120 120
 1 14 4 23 23 113 113 104 104 145 145
 1 15 4 163 163 91 91 170 170 12 12
 1 16 3 41 41 132 132 140 140
 2 1 3 137 137 24 24 86 86
 2 2 3 167 167 105 105 152 152
 2 3 2 69 69 177 177
 2 4 2 1 1 6 6
 2 5 2 82 82 97 97
 2 6 1 90 90
 2 7 1 118 118
 2 8 1 87 87
 2 9 82 102 102 75 75 33 33 66 66 190 190 181 181 158 158 64 64 50 50 21 21 156 156 51 51 11 11 84 84 4 4 5 5 52 52 45 45 67 67 81 81 34 34 147 147 63 63 55 55 38 38 182 182 114 114 126 126 31 31 175 175 28 28 37 37 169 169 110 110 134 134 71 71 61 61 154 154 42 42 36 36 49 49 162 162 139 139 10 10 119 119 89 89 171 171 14 14 143 143 159 159 53 53 188 188 109 109 60 60 179 179 98 98 40 40 124 124 19 19 142 142 187 187 95 95 133 133 122 122 27 27 88 88 131 131 73 73 149 149 165 165 93 93 58 58 144 144 135 135 184 184 138 138 57 57 106 106 100 100 150 150 62 62 173 173
 2 10 0
 2 11 0
 2 12 0
 2 13 0
 2 14 0
 2 15 0
 2 16 0
