.\descending\train\R041608_0008_001.txt 4 16 8 380 380
 1 1 8 42 42 8 8 374 374 11 11 147 147 212 212 224 224 273 273
 1 2 8 98 98 230 230 310 310 377 377 175 175 158 158 113 113 93 93
 1 3 8 148 148 319 319 269 269 75 75 180 180 114 114 232 232 117 117
 1 4 7 87 87 209 209 376 376 210 210 151 151 339 339 243 243
 1 5 7 181 181 101 101 162 162 86 86 326 326 64 64 169 169
 1 6 7 225 225 17 17 231 231 333 333 237 237 119 119 218 218
 1 7 6 71 71 126 126 277 277 172 172 13 13 260 260
 1 8 6 49 49 257 257 72 72 9 9 193 193 144 144
 1 9 6 298 298 223 223 293 293 184 184 76 76 154 154
 1 10 5 35 35 240 240 336 336 52 52 28 28
 1 11 5 77 77 275 275 286 286 251 251 58 58
 1 12 5 102 102 85 85 348 348 68 68 205 205
 1 13 4 350 350 249 249 167 167 272 272
 1 14 4 268 268 292 292 18 18 48 48
 1 15 4 356 356 242 242 227 227 146 146
 1 16 4 238 238 317 317 294 294 3 3
 2 1 3 157 157 132 132 300 300
 2 2 3 347 347 328 328 316 316
 2 3 3 83 83 226 226 342 342
 2 4 2 29 29 10 10
 2 5 2 150 150 353 353
 2 6 2 311 311 46 46
 2 7 1 134 134
 2 8 1 271 271
 2 9 1 264 264
 2 10 0
 2 11 0
 2 12 0
 2 13 0
 2 14 0
 2 15 0
 2 16 0
 3 1 0
 3 2 0
 3 3 8 199 199 214 214 279 279 149 149 207 207 91 91 278 278 155 155
 3 4 8 92 92 203 203 33 33 129 129 7 7 366 366 20 20 368 368
 3 5 8 337 337 291 291 153 153 202 202 324 324 247 247 315 315 236 236
 3 6 7 229 229 21 21 245 245 197 197 201 201 253 253 160 160
 3 7 7 261 261 163 163 284 284 128 128 127 127 221 221 40 40
 3 8 7 4 4 267 267 166 166 24 24 276 276 343 343 373 373
 3 9 6 239 239 266 266 281 281 110 110 78 78 258 258
 3 10 6 142 142 95 95 325 325 320 320 105 105 233 233
 3 11 6 346 346 53 53 355 355 217 217 186 186 60 60
 3 12 5 12 12 123 123 301 301 228 228 164 164
 3 13 5 106 106 361 361 73 73 170 170 246 246
 3 14 5 235 235 234 234 115 115 215 215 334 334
 3 15 4 314 314 23 23 89 89 351 351
 3 16 4 371 371 156 156 323 323 31 31
 4 1 0
 4 2 0
 4 3 3 283 283 329 329 125 125
 4 4 3 379 379 344 344 176 176
 4 5 3 99 99 65 65 140 140
 4 6 2 262 262 364 364
 4 7 2 363 363 331 331
 4 8 2 161 161 37 37
 4 9 1 25 25
 4 10 1 183 183
 4 11 1 211 211
 4 12 164 244 244 174 174 104 104 200 200 116 116 370 370 213 213 121 121 204 204 187 187 352 352 67 67 358 358 321 321 345 345 152 152 306 306 59 59 26 26 74 74 362 362 81 81 39 39 15 15 357 357 159 159 380 380 47 47 124 124 130 130 79 79 196 196 138 138 2 2 145 145 5 5 173 173 304 304 43 43 248 248 313 313 136 136 263 263 41 41 303 303 312 312 45 45 57 57 122 122 70 70 34 34 90 90 66 66 206 206 219 219 341 341 254 254 97 97 63 63 375 375 265 265 50 50 255 255 274 274 112 112 6 6 32 32 96 96 208 208 131 131 84 84 308 308 241 241 192 192 299 299 327 327 165 165 372 372 94 94 38 38 222 222 80 80 62 62 177 177 318 318 88 88 109 109 27 27 185 185 190 190 171 171 297 297 349 349 111 111 302 302 51 51 287 287 335 335 378 378 309 309 188 188 280 280 369 369 191 191 135 135 120 120 179 179 69 69 360 360 1 1 305 305 332 332 198 198 54 54 359 359 141 141 322 322 133 133 250 250 252 252 61 61 367 367 340 340 330 330 168 168 216 216 178 178 289 289 30 30 282 282 82 82 103 103 256 256 139 139 295 295 16 16 285 285 194 194 55 55 108 108 137 137 195 195 259 259 22 22 338 338 290 290 296 296 288 288 56 56 307 307 220 220 14 14 143 143 354 354 36 36 189 189 118 118 19 19 270 270 107 107 365 365 182 182 44 44 100 100
 4 13 0
 4 14 0
 4 15 0
 4 16 0
