.\descending\train\R101606_0006_001.txt 10 16 6 720 720
 1 1 6 666 666 242 242 35 35 639 639 541 541 459 459
 1 2 6 426 426 331 331 535 535 600 600 605 605 252 252
 1 3 6 27 27 432 432 59 59 550 550 617 617 363 363
 1 4 6 646 646 375 375 490 490 482 482 107 107 86 86
 1 5 6 640 640 315 315 189 189 604 604 76 76 156 156
 1 6 6 402 402 648 648 453 453 574 574 703 703 710 710
 1 7 6 713 713 310 310 45 45 622 622 566 566 126 126
 1 8 6 120 120 143 143 524 524 152 152 697 697 25 25
 1 9 5 185 185 489 489 206 206 240 240 280 280
 1 10 5 434 434 200 200 132 132 337 337 365 365
 1 11 5 43 43 404 404 410 410 278 278 370 370
 1 12 5 634 634 631 631 289 289 418 418 151 151
 1 13 5 376 376 517 517 656 656 178 178 367 367
 1 14 5 191 191 239 239 557 557 169 169 530 530
 1 15 5 238 238 374 374 558 558 471 471 135 135
 1 16 5 190 190 168 168 138 138 4 4 309 309
 2 1 5 243 243 248 248 105 105 271 271 100 100
 2 2 4 654 654 251 251 117 117 155 155
 2 3 4 317 317 396 396 629 629 561 561
 2 4 4 134 134 161 161 542 542 433 433
 2 5 4 649 649 108 108 109 109 577 577
 2 6 4 319 319 387 387 71 71 424 424
 2 7 4 598 598 33 33 78 78 683 683
 2 8 4 394 394 584 584 472 472 501 501
 2 9 4 484 484 229 229 228 228 476 476
 2 10 3 167 167 150 150 349 349
 2 11 3 257 257 141 141 384 384
 2 12 3 407 407 700 700 325 325
 2 13 3 570 570 425 425 311 311
 2 14 3 463 463 519 519 691 691
 2 15 3 390 390 718 718 655 655
 2 16 3 665 665 522 522 53 53
 3 1 3 295 295 198 198 128 128
 3 2 3 719 719 497 497 450 450
 3 3 6 130 130 468 468 506 506 131 131 520 520 159 159
 3 4 6 493 493 270 270 144 144 207 207 148 148 562 562
 3 5 6 567 567 415 415 644 644 122 122 201 201 360 360
 3 6 6 504 504 96 96 335 335 595 595 268 268 63 63
 3 7 6 675 675 528 528 624 624 265 265 232 232 359 359
 3 8 6 216 216 23 23 401 401 582 582 383 383 163 163
 3 9 6 602 602 39 39 288 288 707 707 502 502 327 327
 3 10 6 591 591 66 66 222 222 397 397 290 290 607 607
 3 11 5 695 695 627 627 220 220 350 350 3 3
 3 12 5 479 479 215 215 428 428 514 514 527 527
 3 13 5 67 67 585 585 297 297 326 326 712 712
 3 14 5 266 266 581 581 701 701 421 421 103 103
 3 15 5 405 405 258 258 177 177 176 176 118 118
 3 16 5 492 492 521 521 50 50 260 260 439 439
 4 1 3 674 674 438 438 77 77
 4 2 3 226 226 714 714 392 392
 4 3 5 511 511 599 599 586 586 34 34 202 202
 4 4 4 324 324 162 162 320 320 711 711
 4 5 4 663 663 650 650 102 102 698 698
 4 6 4 74 74 274 274 564 564 419 419
 4 7 4 507 507 286 286 373 373 416 416
 4 8 4 113 113 55 55 182 182 111 111
 4 9 4 523 523 244 244 496 496 339 339
 4 10 4 437 437 70 70 302 302 38 38
 4 11 4 110 110 661 661 208 208 123 123
 4 12 3 341 341 583 583 342 342
 4 13 3 28 28 89 89 576 576
 4 14 3 125 125 60 60 587 587
 4 15 3 694 694 430 430 505 505
 4 16 3 544 544 344 344 423 423
 5 1 2 503 503 10 10
 5 2 2 549 549 171 171
 5 3 2 413 413 336 336
 5 4 2 408 408 49 49
 5 5 2 338 338 477 477
 5 6 2 483 483 626 626
 5 7 2 653 653 451 451
 5 8 2 400 400 510 510
 5 9 2 696 696 358 358
 5 10 2 8 8 87 87
 5 11 2 573 573 403 403
 5 12 2 279 279 273 273
 5 13 2 233 233 26 26
 5 14 2 364 364 456 456
 5 15 2 12 12 435 435
 5 16 2 565 565 196 196
 6 1 1 464 464
 6 2 1 356 356
 6 3 1 166 166
 6 4 1 332 332
 6 5 1 427 427
 6 6 1 345 345
 6 7 1 658 658
 6 8 1 133 133
 6 9 1 588 588
 6 10 1 534 534
 6 11 1 547 547
 6 12 1 440 440
 6 13 1 667 667
 6 14 1 693 693
 6 15 1 445 445
 6 16 1 114 114
 7 1 384 442 442 5 5 670 670 231 231 2 2 205 205 526 526 264 264 115 115 592 592 636 636 518 518 355 355 30 30 382 382 209 209 292 292 212 212 199 199 672 672 575 575 21 21 590 590 203 203 412 412 154 154 388 388 175 175 318 318 366 366 72 72 187 187 284 284 1 1 11 11 469 469 537 537 52 52 417 417 256 256 569 569 369 369 481 481 85 85 499 499 54 54 475 475 715 715 354 354 515 515 386 386 389 389 385 385 334 334 307 307 560 560 446 446 371 371 343 343 197 197 651 651 186 186 147 147 669 669 637 637 249 249 272 272 704 704 94 94 146 146 509 509 83 83 224 224 236 236 142 142 121 121 461 461 679 679 447 447 677 677 101 101 316 316 473 473 247 247 608 608 213 213 204 204 106 106 250 250 46 46 596 596 593 593 378 378 119 119 457 457 612 612 82 82 330 330 601 601 692 692 529 529 124 124 40 40 31 31 533 533 708 708 48 48 512 512 508 508 487 487 395 395 227 227 635 635 485 485 540 540 409 409 474 474 603 603 449 449 381 381 680 680 618 618 380 380 568 568 267 267 104 104 219 219 682 682 441 441 18 18 642 642 64 64 14 14 444 444 172 172 498 498 153 153 194 194 137 137 296 296 705 705 525 525 494 494 690 690 195 195 291 291 516 516 44 44 93 93 460 460 73 73 688 688 443 443 24 24 230 230 597 597 294 294 9 9 578 578 88 88 221 221 452 452 127 127 353 353 465 465 340 340 563 563 98 98 681 681 179 179 91 91 255 255 37 37 298 298 69 69 611 611 664 664 47 47 628 628 689 689 351 351 414 414 304 304 235 235 75 75 559 559 62 62 348 348 480 480 543 543 308 308 685 685 68 68 237 237 180 180 275 275 615 615 580 580 478 478 116 116 41 41 572 572 211 211 641 641 552 552 571 571 532 532 645 645 261 261 90 90 314 314 676 676 673 673 7 7 399 399 660 660 659 659 720 720 323 323 411 411 287 287 282 282 486 486 139 139 61 61 51 51 246 246 346 346 158 158 621 621 32 32 643 643 616 616 467 467 361 361 623 623 579 579 254 254 22 22 377 377 300 300 80 80 362 362 99 99 145 145 276 276 668 668 329 329 630 630 193 193 455 455 241 241 19 19 368 368 97 97 372 372 263 263 671 671 173 173 647 647 333 333 170 170 277 277 149 149 610 610 322 322 225 225 684 684 210 210 112 112 36 36 357 357 462 462 716 716 313 313 299 299 140 140 398 398 129 129 422 422 619 619 613 613 393 393 223 223 406 406 6 6 347 347 553 553 539 539 652 652 662 662 259 259 687 687 686 686 283 283 234 234 614 614 217 217 436 436 58 58 491 491 184 184 312 312 555 555 513 513 606 606 454 454 448 448 625 625 303 303 20 20 285 285 301 301 92 92 183 183 594 594 160 160 306 306 657 657 65 65 709 709 545 545 269 269 429 429 42 42 181 181 548 548 633 633 556 556 165 165 218 218 57 57 678 678 706 706 466 466 214 214 15 15 164 164 352 352 379 379 391 391 56 56 470 470 281 281 328 328 157 157 293 293 702 702 589 589 620 620 305 305 531 531 16 16 632 632 79 79 174 174 136 136 29 29 638 638 253 253 551 551 321 321 495 495 546 546 538 538 188 188 609 609 554 554 84 84 431 431 245 245 192 192 500 500 420 420 458 458 81 81 95 95 262 262 717 717 488 488 17 17 536 536 699 699 13 13
 7 2 0
 7 3 0
 7 4 0
 7 5 0
 7 6 0
 7 7 0
 7 8 0
 7 9 0
 7 10 0
 7 11 0
 7 12 0
 7 13 0
 7 14 0
 7 15 0
 7 16 0
 8 1 0
 8 2 0
 8 3 0
 8 4 0
 8 5 0
 8 6 0
 8 7 0
 8 8 0
 8 9 0
 8 10 0
 8 11 0
 8 12 0
 8 13 0
 8 14 0
 8 15 0
 8 16 0
 9 1 0
 9 2 0
 9 3 0
 9 4 0
 9 5 0
 9 6 0
 9 7 0
 9 8 0
 9 9 0
 9 10 0
 9 11 0
 9 12 0
 9 13 0
 9 14 0
 9 15 0
 9 16 0
 10 1 0
 10 2 0
 10 3 0
 10 4 0
 10 5 0
 10 6 0
 10 7 0
 10 8 0
 10 9 0
 10 10 0
 10 11 0
 10 12 0
 10 13 0
 10 14 0
 10 15 0
 10 16 0
