61 7
 0  0  0  0  1.86188  0.713285  3 
 1.09832  0.705674  0  0  2.1941  0.847825  0 
 0.278686  0.151757  0  0  3.0853  0.912554  115886 
 0.120681  0.0585586  0  0  1.87984  0.951523  3 
 0.236869  0.164645  0  0  1.98037  0.7531  3 
 0.193555  0.169811  0  0  2.23146  0.546128  3 
 0.00141016  0.000794913  0  0  3.72299  0.676478  3 
 0.530421  0.488627  0  0  2.64312  0.653532  8.4321e+62 
 0  0  0  0  3.63672  0.664829  3 
 0.131529  0.0600414  0  0  4.34165  0.852868  3 
 0  0  0  0  3.53869  0.765187  8.82063e-106 
 0  0  0  0  3.5749  0.653151  2 
 0  0  0  0  3.52782  0.58568  2480.05 
 0.232802  0.152896  0  0  3.22221  0.665481  10 
 0  0  0  0  4.15241  0.649617  2.21414e+06 
 0  0  0  0  8.70111  0.711838  12 
 0.86028  0.343242  0  0  8.9385  0.631406  21 
 0  0  0  0  8.35495  0.567322  2.70651e+06 
 0  0  0  0  6.69979  0.594033  3217.66 
 0.472435  0.152817  0  0  6.72479  0.690013  175031 
 0.117707  0.104235  0  0  1.53703  0.94104  -8.92956e-312 
 0.526223  0.27821  0  0  3.7332  1.19125  9 
 0.725091  0.582609  0  0  1.87345  0.713188  -5.44955e-312 
 0  0  0  0  2.56517  0.816192  -4.39425e-311 
 0  0  0  0  2.10546  0.598274  3565.36 
 0  0  0  0  2.05109  0.712587  4 
 0.100292  0.0727273  0  0  1.88048  0.671959  3025.95 
 0.0977979  0.0928363  0  0  3.06086  0.895251  3.03669e-152 
 0.181724  0.0515759  0  0  2.29727  0.714081  19 
 0.46675  0.246479  0  0  2.2475  0.635163  2.47118e-259 
 0.311909  0.204121  0  0  2.84691  0.546197  3.66614e+98 
 0  0  0  0  2.26251  0.602999  309276 
 0.00322717  0.00513299  0  0  2.87447  0.601048  1.53514e+223 
 0.680755  0.385691  0  0  2.45758  0.563097  327346 
 0  0  0  0  4.41859  0.674737  2.04797e+161 
 0  0  0  0  3.08843  0.535424  1.05783e+208 
 0  0  0  0  2.59623  0.54215  20 
 0.380119  0.142241  0  0  2.77268  0.556528  1.04538e-142 
 0.613301  0.328863  0  0  3.10904  0.529716  435322 
 0  0  0  0  3.06335  0.554174  288 
 0  0  0  0  2.69498  0.653328  16 
 0  0  0  0  2.44003  0.673677  1.80629e+06 
 1.42198  0.343725  0  0  3.16696  0.884887  9159.88 
 0.286878  0.0836177  0  0  1.60391  0.686165  7.51598e+179 
 1.53263  0.723592  0  0  3.60558  0.768145  2 
 0  0  0  0  2.37688  0.675621  1066.93 
 0.102191  0.0791837  0  0  2.44838  0.530973  1.02232e+277 
 0.591983  0.365236  0  0  2.22614  0.640615  1474.25 
 1.00384  0.50081  0  0  1.91348  0.64031  518 
 0  0  0  0  3.19494  0.825745  7.3531e+223 
 0  0  0  0  2.29577  0.515129  3125.22 
 0.0116064  0.029826  0  0  2.12468  0.610942  2.47753e-259 
 0.698859  0.256301  0  0  2.78473  0.633605  5.02621e+180 
 0.0422999  0.072818  0  0  2.79857  0.532867  2.00052e+161 
 0  0  0  0  3.13639  0.546639  6.19522e+223 
 0  0  0  0  2.74612  0.527401  2005.3 
 0.395691  0.135974  0  0  2.85608  0.595589  1.02232e+277 
 0  0  0  0  2.89944  0.549451  1.04538e-142 
 0.531961  0.304127  0  0  2.77264  0.529234  1.53153e+223 
 0.649491  0.265171  0  0  2.50588  0.527867  1.62348e+219 
 15.6313  8.10396  2912.74  9  190.445  40.2291  20 

-- infix:  ((pos(((w-age)+(SL/MR)))+(((SL+PAT)+(pmin/w))+((PAT-pt)+(pmin/MR))))-((pos((MR-PAT))*pt)+(((MR-w)+(w-SL))-pmin))) --
Editirano: 29610, ukupno: 34019309
