.\full\train\R021608_0008_000.txt 2 16 8 190 190
 1 1 8 121 121 91 91 28 28 79 79 142 142 118 118 3 3 45 45
 1 2 8 12 12 23 23 152 152 150 150 87 87 135 135 161 161 44 44
 1 3 8 70 70 111 111 105 105 181 181 154 154 81 81 155 155 104 104
 1 4 8 147 147 103 103 9 9 53 53 64 64 89 89 38 38 93 93
 1 5 8 180 180 61 61 124 124 120 120 85 85 56 56 82 82 67 67
 1 6 8 137 137 108 108 57 57 77 77 75 75 98 98 58 58 71 71
 1 7 8 30 30 74 74 100 100 99 99 126 126 37 37 69 69 175 175
 1 8 8 107 107 88 88 158 158 189 189 162 162 20 20 7 7 24 24
 1 9 8 65 65 169 169 80 80 76 76 117 117 96 96 84 84 176 176
 1 10 8 106 106 167 167 112 112 173 173 101 101 48 48 14 14 54 54
 1 11 8 31 31 128 128 19 19 16 16 5 5 15 15 35 35 163 163
 1 12 8 47 47 1 1 122 122 144 144 22 22 136 136 183 183 184 184
 1 13 8 78 78 115 115 153 153 62 62 127 127 26 26 13 13 186 186
 1 14 8 130 130 17 17 114 114 110 110 8 8 18 18 188 188 123 123
 1 15 8 109 109 25 25 49 49 146 146 132 132 66 66 36 36 97 97
 1 16 8 171 171 174 174 177 177 160 160 143 143 139 139 55 55 11 11
 2 1 8 6 6 149 149 94 94 140 140 34 34 10 10 83 83 33 33
 2 2 8 164 164 41 41 52 52 148 148 172 172 29 29 134 134 21 21
 2 3 8 119 119 46 46 68 68 129 129 178 178 145 145 43 43 113 113
 2 4 8 179 179 125 125 185 185 131 131 102 102 116 116 73 73 59 59
 2 5 8 187 187 95 95 151 151 182 182 92 92 166 166 133 133 40 40
 2 6 8 2 2 159 159 50 50 27 27 32 32 42 42 157 157 165 165
 2 7 8 72 72 90 90 60 60 39 39 141 141 4 4 63 63 168 168
 2 8 6 156 156 138 138 190 190 51 51 86 86 170 170
 2 9 0
 2 10 0
 2 11 0
 2 12 0
 2 13 0
 2 14 0
 2 15 0
 2 16 0
