.\full\train\R021606_0006_004.txt 2 16 6 140 140
 1 1 6 13 13 140 140 92 92 103 103 51 51 58 58
 1 2 6 65 65 90 90 6 6 85 85 28 28 96 96
 1 3 6 99 99 43 43 129 129 97 97 41 41 9 9
 1 4 6 33 33 15 15 77 77 35 35 75 75 68 68
 1 5 6 126 126 125 125 124 124 136 136 106 106 82 82
 1 6 6 87 87 11 11 49 49 71 71 16 16 25 25
 1 7 6 76 76 81 81 95 95 135 135 54 54 20 20
 1 8 6 89 89 22 22 100 100 2 2 17 17 132 132
 1 9 6 8 8 98 98 14 14 122 122 42 42 53 53
 1 10 6 107 107 123 123 127 127 4 4 86 86 111 111
 1 11 6 50 50 117 117 130 130 5 5 94 94 26 26
 1 12 6 131 131 29 29 133 133 109 109 110 110 39 39
 1 13 6 19 19 120 120 12 12 121 121 10 10 128 128
 1 14 6 46 46 113 113 56 56 40 40 45 45 57 57
 1 15 6 112 112 64 64 60 60 61 61 62 62 80 80
 1 16 6 21 21 74 74 52 52 119 119 36 36 70 70
 2 1 6 138 138 24 24 116 116 38 38 83 83 118 118
 2 2 6 105 105 114 114 115 115 23 23 7 7 55 55
 2 3 6 134 134 30 30 48 48 101 101 102 102 72 72
 2 4 6 67 67 139 139 91 91 73 73 104 104 84 84
 2 5 6 44 44 79 79 66 66 18 18 63 63 78 78
 2 6 6 31 31 137 137 34 34 59 59 108 108 37 37
 2 7 6 93 93 47 47 32 32 1 1 27 27 88 88
 2 8 2 69 69 3 3
 2 9 0
 2 10 0
 2 11 0
 2 12 0
 2 13 0
 2 14 0
 2 15 0
 2 16 0
