.\full\train\R041608_0008_001.txt 4 16 8 380 380
 1 1 8 295 295 353 353 360 360 339 339 370 370 185 185 128 128 42 42
 1 2 8 160 160 163 163 144 144 359 359 346 346 283 283 292 292 175 175
 1 3 8 200 200 10 10 1 1 83 83 154 154 169 169 363 363 8 8
 1 4 8 140 140 308 308 75 75 366 366 94 94 43 43 328 328 235 235
 1 5 8 260 260 285 285 332 332 102 102 305 305 97 97 203 203 267 267
 1 6 8 168 168 146 146 35 35 240 240 224 224 265 265 164 164 334 334
 1 7 8 18 18 241 241 198 198 107 107 218 218 141 141 377 377 111 111
 1 8 8 349 349 24 24 44 44 109 109 58 58 30 30 317 317 82 82
 1 9 8 270 270 331 331 127 127 103 103 271 271 250 250 380 380 186 186
 1 10 8 14 14 85 85 123 123 15 15 254 254 264 264 337 337 312 312
 1 11 8 291 291 104 104 4 4 347 347 244 244 266 266 89 89 120 120
 1 12 8 46 46 199 199 369 369 216 216 12 12 322 322 29 29 74 74
 1 13 8 325 325 263 263 6 6 262 262 115 115 294 294 222 222 72 72
 1 14 8 67 67 165 165 41 41 22 22 59 59 135 135 105 105 180 180
 1 15 8 298 298 148 148 63 63 350 350 327 327 230 230 166 166 261 261
 1 16 8 330 330 273 273 45 45 213 213 272 272 290 290 155 155 131 131
 2 1 8 358 358 256 256 247 247 245 245 357 357 205 205 344 344 21 21
 2 2 8 239 239 167 167 137 137 162 162 40 40 31 31 87 87 172 172
 2 3 8 345 345 149 149 336 336 310 310 147 147 365 365 321 321 9 9
 2 4 8 196 196 342 342 183 183 249 249 121 121 320 320 341 341 257 257
 2 5 8 301 301 238 238 27 27 252 252 134 134 234 234 236 236 333 333
 2 6 8 352 352 133 133 173 173 217 217 181 181 309 309 100 100 286 286
 2 7 8 233 233 182 182 56 56 188 188 33 33 338 338 210 210 61 61
 2 8 8 356 356 91 91 191 191 84 84 179 179 348 348 129 129 373 373
 2 9 4 64 64 93 93 36 36 242 242
 2 10 0
 2 11 0
 2 12 0
 2 13 0
 2 14 0
 2 15 0
 2 16 0
 3 1 0
 3 2 0
 3 3 8 158 158 157 157 55 55 99 99 73 73 268 268 329 329 367 367
 3 4 8 246 246 258 258 5 5 343 343 187 187 96 96 177 177 49 49
 3 5 8 159 159 251 251 371 371 287 287 170 170 69 69 161 161 379 379
 3 6 8 190 190 208 208 243 243 118 118 280 280 19 19 101 101 211 211
 3 7 8 39 39 174 174 136 136 110 110 150 150 114 114 206 206 117 117
 3 8 8 130 130 269 269 376 376 3 3 372 372 178 178 51 51 284 284
 3 9 8 220 220 318 318 302 302 60 60 66 66 215 215 259 259 194 194
 3 10 8 81 81 116 116 26 26 297 297 248 248 132 132 126 126 125 125
 3 11 8 37 37 138 138 299 299 364 364 145 145 68 68 189 189 48 48
 3 12 8 79 79 278 278 53 53 209 209 323 323 378 378 2 2 340 340
 3 13 8 98 98 65 65 212 212 25 25 176 176 119 119 192 192 54 54
 3 14 8 231 231 315 315 201 201 288 288 23 23 16 16 62 62 57 57
 3 15 8 226 226 281 281 362 362 77 77 112 112 38 38 11 11 306 306
 3 16 8 32 32 232 232 184 184 279 279 92 92 78 78 7 7 207 207
 4 1 0
 4 2 0
 4 3 8 313 313 289 289 108 108 106 106 223 223 50 50 76 76 70 70
 4 4 8 293 293 13 13 311 311 375 375 80 80 124 124 71 71 95 95
 4 5 8 17 17 204 204 303 303 282 282 195 195 335 335 151 151 34 34
 4 6 8 225 225 253 253 307 307 202 202 28 28 152 152 156 156 52 52
 4 7 8 374 374 113 113 255 255 221 221 197 197 361 361 227 227 90 90
 4 8 8 300 300 143 143 153 153 354 354 319 319 228 228 355 355 219 219
 4 9 8 324 324 326 326 277 277 368 368 139 139 122 122 88 88 276 276
 4 10 8 142 142 47 47 193 193 351 351 274 274 237 237 214 214 20 20
 4 11 8 316 316 314 314 86 86 304 304 296 296 171 171 229 229 275 275
 4 12 0
 4 13 0
 4 14 0
 4 15 0
 4 16 0
