.\full\train\R041606_0006_001.txt 4 16 6 280 280
 1 1 6 123 123 231 231 209 209 237 237 7 7 3 3
 1 2 6 115 115 59 59 141 141 107 107 42 42 19 19
 1 3 6 240 240 256 256 180 180 90 90 201 201 243 243
 1 4 6 198 198 117 117 215 215 165 165 204 204 58 58
 1 5 6 206 206 213 213 226 226 184 184 176 176 202 202
 1 6 6 30 30 221 221 173 173 34 34 279 279 52 52
 1 7 6 278 278 98 98 105 105 178 178 126 126 66 66
 1 8 6 23 23 139 139 183 183 157 157 182 182 174 174
 1 9 6 60 60 6 6 68 68 20 20 144 144 186 186
 1 10 6 233 233 12 12 235 235 133 133 241 241 125 125
 1 11 6 100 100 41 41 74 74 62 62 89 89 197 197
 1 12 6 104 104 83 83 9 9 211 211 148 148 43 43
 1 13 6 101 101 146 146 195 195 84 84 17 17 77 77
 1 14 6 50 50 131 131 170 170 167 167 252 252 177 177
 1 15 6 190 190 203 203 238 238 136 136 230 230 72 72
 1 16 6 210 210 40 40 33 33 1 1 129 129 257 257
 2 1 6 24 24 71 71 151 151 97 97 276 276 35 35
 2 2 6 258 258 110 110 11 11 181 181 171 171 175 175
 2 3 6 5 5 78 78 36 36 273 273 277 277 112 112
 2 4 6 38 38 143 143 15 15 82 82 16 16 244 244
 2 5 6 96 96 73 73 153 153 154 154 261 261 200 200
 2 6 6 162 162 31 31 91 91 159 159 81 81 268 268
 2 7 6 54 54 275 275 127 127 95 95 179 179 248 248
 2 8 6 267 267 207 207 85 85 44 44 249 249 118 118
 2 9 0
 2 10 0
 2 11 0
 2 12 0
 2 13 0
 2 14 0
 2 15 0
 2 16 0
 3 1 0
 3 2 0
 3 3 6 160 160 47 47 225 225 108 108 223 223 266 266
 3 4 6 116 116 274 274 227 227 134 134 264 264 140 140
 3 5 6 161 161 113 113 187 187 188 188 10 10 13 13
 3 6 6 135 135 22 22 269 269 155 155 214 214 61 61
 3 7 6 29 29 55 55 86 86 2 2 220 220 169 169
 3 8 6 48 48 193 193 69 69 122 122 191 191 149 149
 3 9 6 239 239 26 26 94 94 259 259 37 37 56 56
 3 10 6 280 280 87 87 229 229 45 45 25 25 185 185
 3 11 6 152 152 92 92 103 103 272 272 76 76 138 138
 3 12 6 196 196 158 158 67 67 132 132 222 222 102 102
 3 13 6 49 49 263 263 262 262 212 212 57 57 147 147
 3 14 6 14 14 79 79 253 253 21 21 145 145 75 75
 3 15 6 246 246 99 99 205 205 219 219 254 254 247 247
 3 16 6 255 255 150 150 93 93 270 270 114 114 53 53
 4 1 0
 4 2 0
 4 3 6 217 217 251 251 121 121 119 119 63 63 164 164
 4 4 6 250 250 32 32 27 27 64 64 189 189 199 199
 4 5 6 65 65 39 39 192 192 124 124 70 70 208 208
 4 6 6 109 109 232 232 4 4 8 8 28 28 163 163
 4 7 6 156 156 218 218 111 111 265 265 260 260 234 234
 4 8 6 142 142 51 51 228 228 128 128 88 88 166 166
 4 9 6 271 271 168 168 80 80 216 216 194 194 130 130
 4 10 6 106 106 137 137 236 236 172 172 242 242 224 224
 4 11 4 46 46 18 18 120 120 245 245
 4 12 0
 4 13 0
 4 14 0
 4 15 0
 4 16 0
