.\full\train\R061606_0006_000.txt 6 16 6 430 430
 1 1 6 172 172 178 178 74 74 112 112 329 329 185 185
 1 2 6 12 12 389 389 423 423 305 305 311 311 361 361
 1 3 6 403 403 244 244 126 126 21 21 302 302 3 3
 1 4 6 319 319 95 95 253 253 269 269 242 242 191 191
 1 5 6 14 14 346 346 213 213 326 326 133 133 390 390
 1 6 6 50 50 151 151 349 349 187 187 145 145 97 97
 1 7 6 412 412 334 334 35 35 264 264 140 140 274 274
 1 8 6 239 239 192 192 378 378 285 285 175 175 56 56
 1 9 6 123 123 94 94 240 240 150 150 32 32 62 62
 1 10 6 129 129 200 200 75 75 43 43 263 263 115 115
 1 11 6 46 46 67 67 255 255 28 28 173 173 315 315
 1 12 6 212 212 287 287 36 36 422 422 278 278 65 65
 1 13 6 243 243 216 216 383 383 294 294 9 9 414 414
 1 14 6 340 340 220 220 261 261 19 19 179 179 190 190
 1 15 6 198 198 1 1 10 10 405 405 223 223 118 118
 1 16 6 401 401 252 252 85 85 402 402 306 306 211 211
 2 1 6 119 119 304 304 260 260 204 204 181 181 105 105
 2 2 6 143 143 241 241 218 218 69 69 225 225 152 152
 2 3 6 300 300 296 296 271 271 98 98 318 318 72 72
 2 4 6 363 363 64 64 171 171 224 224 348 348 202 202
 2 5 6 352 352 413 413 127 127 317 317 358 358 328 328
 2 6 6 39 39 80 80 205 205 351 351 321 321 108 108
 2 7 6 345 345 337 337 257 257 298 298 160 160 409 409
 2 8 6 397 397 154 154 375 375 273 273 400 400 66 66
 2 9 6 262 262 370 370 15 15 258 258 369 369 377 377
 2 10 6 17 17 286 286 148 148 78 78 22 22 163 163
 2 11 6 425 425 251 251 104 104 336 336 81 81 125 125
 2 12 6 88 88 103 103 233 233 146 146 295 295 393 393
 2 13 6 417 417 279 279 188 188 2 2 193 193 330 330
 2 14 6 157 157 111 111 106 106 210 210 421 421 76 76
 2 15 6 387 387 385 385 110 110 360 360 277 277 380 380
 2 16 6 201 201 59 59 63 63 196 196 4 4 303 303
 3 1 6 5 5 48 48 338 338 415 415 77 77 322 322
 3 2 6 135 135 353 353 362 362 270 270 82 82 58 58
 3 3 6 84 84 217 217 89 89 391 391 124 124 147 147
 3 4 6 207 207 142 142 121 121 24 24 324 324 168 168
 3 5 6 53 53 155 155 344 344 73 73 404 404 49 49
 3 6 6 323 323 8 8 7 7 16 16 42 42 134 134
 3 7 6 83 83 314 314 222 222 101 101 313 313 392 392
 3 8 6 399 399 177 177 395 395 229 229 162 162 96 96
 3 9 6 234 234 249 249 367 367 100 100 398 398 37 37
 3 10 6 113 113 290 290 215 215 61 61 356 356 226 226
 3 11 6 289 289 288 288 309 309 136 136 13 13 165 165
 3 12 6 158 158 70 70 209 209 194 194 237 237 238 238
 3 13 6 245 245 308 308 221 221 159 159 299 299 394 394
 3 14 6 31 31 138 138 408 408 281 281 407 407 325 325
 3 15 6 182 182 250 250 170 170 359 359 427 427 183 183
 3 16 6 203 203 206 206 60 60 276 276 214 214 132 132
 4 1 6 174 174 153 153 280 280 149 149 235 235 248 248
 4 2 6 267 267 57 57 41 41 11 11 23 23 301 301
 4 3 6 128 128 350 350 272 272 189 189 116 116 372 372
 4 4 6 268 268 26 26 388 388 54 54 416 416 195 195
 4 5 6 419 419 292 292 386 386 316 316 297 297 164 164
 4 6 6 430 430 137 137 144 144 406 406 339 339 231 231
 4 7 6 307 307 45 45 384 384 109 109 371 371 227 227
 4 8 6 102 102 29 29 197 197 208 208 236 236 410 410
 4 9 6 374 374 219 219 333 333 6 6 122 122 166 166
 4 10 6 429 429 47 47 44 44 131 131 368 368 365 365
 4 11 6 283 283 355 355 275 275 379 379 169 169 341 341
 4 12 6 30 30 120 120 282 282 51 51 426 426 376 376
 4 13 6 86 86 331 331 184 184 79 79 366 366 20 20
 4 14 6 18 18 343 343 130 130 228 228 55 55 230 230
 4 15 6 199 199 266 266 364 364 284 284 176 176 107 107
 4 16 6 99 99 117 117 291 291 33 33 396 396 114 114
 5 1 6 93 93 232 232 293 293 38 38 52 52 357 357
 5 2 6 354 354 246 246 381 381 310 310 347 347 139 139
 5 3 6 327 327 411 411 34 34 40 40 180 180 167 167
 5 4 6 420 420 161 161 259 259 335 335 382 382 254 254
 5 5 6 373 373 320 320 332 332 91 91 71 71 141 141
 5 6 6 247 247 90 90 186 186 312 312 418 418 342 342
 5 7 6 68 68 27 27 424 424 87 87 25 25 256 256
 5 8 4 265 265 156 156 428 428 92 92
 5 9 0
 5 10 0
 5 11 0
 5 12 0
 5 13 0
 5 14 0
 5 15 0
 5 16 0
 6 1 0
 6 2 0
 6 3 0
 6 4 0
 6 5 0
 6 6 0
 6 7 0
 6 8 0
 6 9 0
 6 10 0
 6 11 0
 6 12 0
 6 13 0
 6 14 0
 6 15 0
 6 16 0
