.\full\train\R081606_0006_003.txt 8 16 6 570 570
 1 1 6 118 118 34 34 230 230 258 258 268 268 46 46
 1 2 6 555 555 415 415 372 372 325 325 116 116 495 495
 1 3 6 265 265 140 140 287 287 260 260 225 225 356 356
 1 4 6 489 489 456 456 365 365 468 468 73 73 189 189
 1 5 6 522 522 60 60 99 99 425 425 78 78 239 239
 1 6 6 148 148 113 113 238 238 142 142 17 17 503 503
 1 7 6 79 79 395 395 428 428 9 9 102 102 237 237
 1 8 6 441 441 291 291 177 177 457 457 477 477 304 304
 1 9 6 349 349 222 222 358 358 509 509 553 553 467 467
 1 10 6 367 367 384 384 175 175 318 318 249 249 233 233
 1 11 6 487 487 296 296 162 162 339 339 446 446 151 151
 1 12 6 528 528 410 410 204 204 199 199 289 289 497 497
 1 13 6 63 63 316 316 214 214 430 430 551 551 519 519
 1 14 6 236 236 56 56 120 120 458 458 337 337 245 245
 1 15 6 16 16 200 200 105 105 58 58 471 471 404 404
 1 16 6 329 329 198 198 439 439 378 378 242 242 127 127
 2 1 6 52 52 506 506 72 72 518 518 561 561 41 41
 2 2 6 393 393 98 98 371 371 357 357 288 288 290 290
 2 3 6 69 69 8 8 352 352 412 412 449 449 302 302
 2 4 6 513 513 15 15 61 61 51 51 452 452 70 70
 2 5 6 193 193 450 450 153 153 264 264 345 345 111 111
 2 6 6 269 269 364 364 13 13 474 474 14 14 556 556
 2 7 6 473 473 535 535 451 451 27 27 47 47 321 321
 2 8 6 165 165 322 322 19 19 529 529 167 167 405 405
 2 9 6 520 520 80 80 132 132 424 424 159 159 20 20
 2 10 6 257 257 536 536 374 374 103 103 550 550 235 235
 2 11 6 130 130 545 545 22 22 261 261 328 328 309 309
 2 12 6 460 460 313 313 176 176 472 472 188 188 407 407
 2 13 6 271 271 114 114 145 145 538 538 39 39 12 12
 2 14 6 124 124 559 559 43 43 112 112 201 201 382 382
 2 15 6 203 203 106 106 243 243 6 6 183 183 464 464
 2 16 6 154 154 500 500 408 408 5 5 178 178 303 303
 3 1 6 25 25 36 36 377 377 293 293 121 121 346 346
 3 2 6 366 366 197 197 90 90 388 388 385 385 10 10
 3 3 6 267 267 462 462 88 88 485 485 44 44 505 505
 3 4 6 226 226 307 307 202 202 301 301 248 248 517 517
 3 5 6 376 376 527 527 508 508 491 491 521 521 23 23
 3 6 6 128 128 190 190 83 83 282 282 511 511 548 548
 3 7 6 493 493 285 285 232 232 277 277 28 28 399 399
 3 8 6 375 375 567 567 104 104 253 253 398 398 390 390
 3 9 6 501 501 336 336 92 92 119 119 448 448 18 18
 3 10 6 370 370 369 369 540 540 91 91 481 481 273 273
 3 11 6 423 423 212 212 155 155 2 2 299 299 194 194
 3 12 6 71 71 315 315 109 109 75 75 117 117 323 323
 3 13 6 531 531 314 314 300 300 387 387 544 544 480 480
 3 14 6 76 76 172 172 240 240 312 312 206 206 263 263
 3 15 6 440 440 482 482 250 250 308 308 251 251 475 475
 3 16 6 110 110 380 380 350 350 129 129 320 320 86 86
 4 1 6 182 182 435 435 434 434 443 443 163 163 137 137
 4 2 6 295 295 348 348 557 557 42 42 525 525 244 244
 4 3 6 229 229 139 139 566 566 81 81 496 496 122 122
 4 4 6 38 38 266 266 77 77 84 84 533 533 180 180
 4 5 6 306 306 330 330 455 455 166 166 187 187 459 459
 4 6 6 516 516 427 427 297 297 62 62 4 4 173 173
 4 7 6 534 534 510 510 286 286 565 565 228 228 7 7
 4 8 6 136 136 55 55 221 221 447 447 215 215 436 436
 4 9 6 445 445 479 479 403 403 85 85 65 65 539 539
 4 10 6 131 131 564 564 444 444 272 272 541 541 93 93
 4 11 6 461 461 161 161 438 438 401 401 216 216 526 526
 4 12 6 11 11 409 409 568 568 181 181 341 341 33 33
 4 13 6 141 141 29 29 208 208 416 416 562 562 333 333
 4 14 6 386 386 64 64 498 498 418 418 331 331 411 411
 4 15 6 210 210 488 488 392 392 483 483 97 97 147 147
 4 16 6 311 311 332 332 241 241 514 514 143 143 68 68
 5 1 6 276 276 125 125 512 512 209 209 433 433 144 144
 5 2 6 138 138 49 49 170 170 417 417 383 383 342 342
 5 3 6 50 50 1 1 426 426 40 40 48 48 515 515
 5 4 6 108 108 523 523 213 213 396 396 532 532 414 414
 5 5 6 185 185 486 486 149 149 317 317 192 192 94 94
 5 6 6 186 186 334 334 466 466 54 54 259 259 179 179
 5 7 6 37 37 284 284 219 219 164 164 196 196 220 220
 5 8 6 160 160 158 158 463 463 507 507 305 305 74 74
 5 9 6 478 478 283 283 542 542 157 157 150 150 355 355
 5 10 6 351 351 262 262 546 546 107 107 421 421 32 32
 5 11 6 353 353 413 413 205 205 223 223 231 231 224 224
 5 12 6 469 469 171 171 400 400 570 570 340 340 547 547
 5 13 6 218 218 465 465 563 563 279 279 169 169 454 454
 5 14 6 256 256 30 30 494 494 402 402 379 379 247 247
 5 15 6 537 537 35 35 168 168 429 429 156 156 437 437
 5 16 6 292 292 59 59 89 89 490 490 389 389 254 254
 6 1 6 397 397 327 327 67 67 552 552 26 26 338 338
 6 2 6 100 100 115 115 246 246 275 275 123 123 294 294
 6 3 6 195 195 255 255 191 191 432 432 530 530 274 274
 6 4 6 95 95 420 420 82 82 252 252 569 569 146 146
 6 5 6 476 476 21 21 281 281 344 344 24 24 362 362
 6 6 6 422 422 133 133 53 53 363 363 31 31 560 560
 6 7 6 234 234 217 217 227 227 368 368 134 134 335 335
 6 8 6 152 152 270 270 453 453 549 549 504 504 326 326
 6 9 6 126 126 87 87 394 394 470 470 406 406 502 502
 6 10 6 359 359 347 347 310 310 45 45 135 135 419 419
 6 11 6 96 96 324 324 57 57 499 499 298 298 280 280
 6 12 6 319 319 354 354 3 3 484 484 442 442 554 554
 6 13 6 431 431 524 524 361 361 373 373 543 543 174 174
 6 14 6 211 211 66 66 278 278 558 558 391 391 207 207
 6 15 6 360 360 184 184 381 381 492 492 101 101 343 343
 6 16 0
 7 1 0
 7 2 0
 7 3 0
 7 4 0
 7 5 0
 7 6 0
 7 7 0
 7 8 0
 7 9 0
 7 10 0
 7 11 0
 7 12 0
 7 13 0
 7 14 0
 7 15 0
 7 16 0
 8 1 0
 8 2 0
 8 3 0
 8 4 0
 8 5 0
 8 6 0
 8 7 0
 8 8 0
 8 9 0
 8 10 0
 8 11 0
 8 12 0
 8 13 0
 8 14 0
 8 15 0
 8 16 0
