0 12.9451 29 12 25 18 22 6 16 26 0 13 4 11 9 23 1 19 24 28 10 17 
1 13.0012 20 5 28 7 22 26 1 6 29 14 9 12 16 19 13 11 18 17 23 4 
2 12.9663 15 14 9 4 1 3 12 22 27 10 24 7 18 8 28 25 23 21 6 29 
3 13.0036 0 21 3 17 14 23 12 4 27 11 25 6 15 18 7 9 28 29 22 8 
4 12.9214 3 11 10 16 0 2 5 9 28 8 6 15 29 25 4 26 18 17 20 12 
5 12.9049 19 23 13 9 3 12 29 26 22 11 17 8 20 28 6 27 5 7 4 24 
6 12.944 28 4 23 9 29 11 6 19 7 0 21 17 12 22 14 5 3 1 27 18 
7 12.9066 6 11 18 13 10 19 26 29 9 17 12 28 3 22 23 21 24 14 5 4 
8 12.9031 25 29 27 7 12 9 3 1 23 13 22 11 19 24 4 10 21 20 28 6 
9 12.9674 28 6 13 19 7 22 27 5 2 24 4 21 25 15 17 14 26 29 23 8 
10 12.9828 13 23 12 19 11 3 24 8 2 16 22 7 9 4 29 28 0 17 21 20 
11 12.8761 29 9 3 4 28 10 2 22 1 11 5 12 19 0 13 8 23 27 6 17 
12 12.929 11 28 6 1 13 7 23 29 4 19 10 17 8 22 14 0 9 5 27 2 
13 12.9776 22 11 17 9 14 7 24 8 10 19 0 28 18 20 26 27 4 29 15 5 
14 12.9353 27 22 23 18 28 5 13 9 25 6 12 1 21 29 4 3 17 19 10 8 
15 12.9994 25 27 22 18 5 28 0 29 11 10 7 12 19 9 2 8 13 4 26 15 
16 13.0015 4 14 10 11 27 19 17 12 2 3 21 7 29 22 18 9 5 0 28 8 
17 12.8779 16 29 19 13 6 0 8 1 22 27 20 17 28 11 9 24 7 10 4 23 
18 12.9455 16 14 23 27 18 4 7 9 17 22 28 6 13 21 5 29 19 8 10 24 
19 12.9776 22 15 7 10 12 5 16 21 26 9 19 11 14 18 13 4 29 6 28 0 
20 12.9582 9 7 11 10 4 29 23 27 3 6 17 13 22 28 14 21 5 8 15 18 
21 12.9565 1 26 18 8 23 22 4 29 13 24 25 3 19 7 10 6 28 11 0 17 
22 12.9946 5 13 28 25 9 12 8 11 7 27 15 29 26 23 10 3 21 18 22 4 
23 12.9385 28 25 8 24 26 11 18 0 17 10 6 15 23 13 1 4 27 16 9 2 
24 12.9328 28 10 12 22 2 15 16 13 7 20 23 24 3 11 18 19 8 27 5 21 
25 12.9491 21 9 10 16 12 8 11 27 17 15 20 0 7 19 28 23 4 24 5 29 
26 12.9761 21 22 13 16 2 28 26 17 15 1 24 19 5 20 8 27 11 25 29 4 
27 12.9623 18 3 21 29 10 6 22 20 19 7 13 1 9 25 27 11 28 17 23 8 
28 12.9026 8 21 13 7 27 19 23 1 29 25 14 17 0 4 11 10 28 22 12 6 
29 13.0035 17 4 8 25 27 19 16 26 12 21 13 24 9 11 20 28 10 7 15 18 
