0 13.0331 30 5 22 1 29 13 7 40 26 38 36 35 49 4 45 46 20 21 47 31 33 28 34 6 41 23 37 14 8 43 
1 12.9716 17 36 8 22 4 34 32 42 9 46 19 18 33 28 23 39 24 43 5 14 49 21 29 31 13 7 12 38 2 20 
2 13.0001 1 7 46 33 26 5 39 10 19 28 31 4 32 45 47 12 13 23 16 34 9 14 38 17 22 21 42 18 11 8 
3 13.0535 11 29 18 33 26 45 9 13 31 8 35 10 47 25 28 49 37 38 27 41 0 12 39 1 44 20 42 36 17 43 
4 13.0215 8 20 33 41 7 48 36 9 37 49 35 11 0 34 10 19 25 43 38 40 12 6 1 28 16 4 46 45 26 31 
5 13.0819 15 16 48 20 1 34 26 33 27 31 49 11 28 17 10 46 42 13 41 18 35 25 37 12 7 19 22 3 0 9 
6 13.0071 17 42 44 45 9 0 34 8 25 39 26 29 15 35 3 28 47 49 36 22 48 33 6 12 18 16 13 38 11 40 
7 12.9929 42 9 22 6 30 44 41 32 31 29 0 1 33 17 11 25 19 8 43 15 20 23 38 47 10 21 48 45 27 3 
8 13.0735 0 44 36 28 49 4 37 43 17 1 3 33 22 32 30 25 21 29 13 45 15 40 8 26 27 20 19 38 35 31 
9 13.0977 22 15 34 45 11 32 46 35 49 33 1 44 6 10 4 13 27 16 18 40 24 19 39 25 8 38 31 7 47 48 
10 12.9721 21 35 8 25 47 9 12 20 17 22 34 36 42 41 15 13 30 28 18 43 32 33 14 4 11 39 7 44 31 23 
11 13.0287 4 28 22 36 11 20 17 13 35 33 29 34 32 15 43 14 1 44 31 41 30 23 18 7 49 26 21 27 5 2 
12 13.0142 19 9 29 10 36 46 18 11 16 15 8 43 23 28 7 1 22 3 45 12 44 21 42 30 24 47 40 38 39 34 
13 13.0638 19 32 7 3 41 24 4 8 44 37 23 27 40 34 42 43 9 38 28 45 22 11 31 39 5 1 17 12 6 35 
14 13.0353 24 15 6 26 3 2 9 19 29 32 28 8 12 4 39 16 31 42 23 10 22 17 11 5 36 41 25 7 40 18 
15 13.1179 28 8 31 48 16 32 7 49 9 27 0 24 40 4 10 12 25 45 19 23 26 37 42 36 44 3 43 15 18 39 
16 13.017 21 1 29 34 42 9 6 46 11 25 26 41 19 27 31 45 18 44 2 39 38 35 17 22 30 14 8 43 20 0 
17 13.0491 4 12 3 47 40 5 31 24 39 17 15 30 42 23 22 25 38 10 18 48 43 41 28 9 8 11 33 19 7 37 
18 12.9305 19 27 44 4 42 28 16 29 38 0 8 7 37 21 45 39 15 43 10 11 33 17 9 34 32 12 2 18 31 47 
19 13.0392 49 36 14 0 32 15 26 9 8 43 5 37 11 34 12 28 2 7 40 39 6 22 46 42 48 17 44 35 16 45 
20 13.0737 7 6 27 42 34 1 45 25 46 38 29 13 17 2 33 26 21 8 19 16 5 41 28 44 31 23 22 11 10 24 
21 12.9631 15 28 18 17 13 23 34 30 19 29 4 5 46 39 8 6 22 36 42 32 11 44 27 43 7 41 10 47 2 45 
22 12.9765 8 28 6 12 43 27 7 20 2 44 23 4 19 26 14 13 34 11 15 49 42 33 22 32 38 41 21 30 39 18 
23 13.0086 27 25 33 49 29 20 37 39 5 48 44 19 7 31 10 0 24 17 18 43 34 12 22 28 6 16 35 11 9 2 
24 12.9239 16 48 40 42 8 43 25 46 21 1 28 36 6 3 32 17 26 0 11 33 14 35 41 10 22 30 49 9 29 12 
25 13.0209 8 45 32 19 11 24 16 14 9 44 22 2 29 39 28 34 31 43 35 41 48 12 7 47 18 0 42 6 33 4 
26 13.0482 5 20 21 29 28 1 15 40 49 23 31 22 35 0 36 45 17 13 33 48 11 24 16 39 4 30 41 46 27 6 
27 13.0498 11 45 42 21 14 19 22 41 29 30 16 12 1 28 39 27 24 13 40 31 3 44 43 15 38 32 0 4 17 9 
28 13.0543 13 6 0 39 8 45 11 36 47 31 4 19 23 27 16 49 1 15 10 7 48 28 33 38 42 35 2 34 21 9 
29 13.04 32 28 33 46 30 29 38 12 49 1 16 4 11 20 48 23 15 26 0 9 36 35 41 6 44 3 47 25 42 18 
