0 12.6533 19 32 49 11 1 39 35 
1 12.6044 47 10 1 39 32 19 45 
2 12.6774 32 33 13 17 9 11 4 
3 12.706 11 6 46 13 47 14 32 
4 12.6012 32 45 39 20 28 5 7 
5 12.6424 35 15 38 3 33 32 44 
6 12.5384 36 32 3 38 15 46 1 
7 12.5152 23 27 20 39 28 32 1 
8 12.5718 15 47 24 32 39 49 16 
9 12.6412 6 34 19 3 39 16 32 
10 12.7004 5 11 35 25 21 31 13 
11 12.7409 27 45 18 3 30 31 38 
12 12.6397 15 41 30 38 19 35 14 
13 12.5995 39 32 17 36 30 10 19 
14 12.6968 27 21 49 36 42 32 33 
15 12.6697 21 30 27 14 6 17 41 
16 12.7509 35 22 8 45 20 39 6 
17 12.5709 6 38 45 42 41 27 2 
18 12.7185 32 8 20 33 23 39 47 
19 12.5908 41 14 27 29 30 44 32 
20 12.6062 21 13 33 6 34 41 15 
21 12.6229 32 20 39 34 7 23 3 
22 12.6255 41 3 27 30 17 31 21 
23 12.5784 5 3 22 11 32 39 2 
24 12.6641 38 34 32 35 15 1 6 
25 12.6855 22 9 33 27 15 32 30 
26 12.6825 30 35 41 8 46 33 29 
27 12.6361 30 47 41 6 23 32 33 
28 12.5697 19 6 13 39 38 32 34 
29 12.5118 19 38 32 3 13 24 22 
