0 12.4724 4 9 18 7 16 6 12 1 19 23 26 8 14 21 0 29 
1 12.4536 23 19 6 22 8 4 25 21 28 16 11 10 26 7 0 29 
2 12.4855 19 29 7 26 9 13 15 23 11 3 1 18 4 22 17 21 
3 12.524 25 13 1 22 4 7 19 20 12 8 2 18 24 16 26 17 
4 12.4753 1 16 21 28 23 27 11 29 7 4 18 8 0 10 25 26 
5 12.4971 29 27 18 28 19 5 16 14 21 17 6 3 4 11 23 25 
6 12.477 23 19 3 16 6 14 15 25 27 12 4 8 21 17 29 24 
7 12.517 0 25 3 18 21 7 28 29 24 15 23 2 8 17 6 4 
8 12.5 17 28 26 3 12 14 9 16 25 19 29 21 7 23 18 2 
9 12.4489 21 2 4 25 14 29 16 8 9 20 23 19 22 3 5 7 
10 12.4187 16 21 4 11 20 2 22 12 3 29 19 18 26 28 14 8 
11 12.4271 25 21 26 14 12 22 3 4 16 24 18 8 6 29 9 15 
12 12.4034 8 14 0 4 2 25 12 18 7 19 6 16 27 29 23 9 
13 12.3621 3 22 21 19 26 29 20 7 2 14 4 18 17 25 16 8 
14 12.3837 8 4 16 6 9 12 22 0 19 29 7 14 5 13 25 21 
15 12.4698 19 11 22 27 8 18 16 1 7 25 29 4 21 28 23 0 
16 12.4326 26 18 11 25 2 21 10 23 22 7 17 8 12 19 3 29 
17 12.4077 29 28 14 18 2 12 25 3 6 19 21 0 7 9 26 23 
18 12.4943 21 6 4 7 13 27 9 23 18 16 19 2 17 29 11 12 
19 12.3918 0 17 11 8 23 9 28 27 25 18 29 1 16 2 4 6 
20 12.5459 9 21 2 8 4 23 14 6 29 13 11 26 19 7 1 16 
21 12.3125 14 0 26 12 4 28 8 3 6 25 19 29 21 22 16 18 
22 12.4599 13 22 8 3 9 4 0 6 21 25 27 24 29 16 17 18 
23 12.4689 3 21 6 24 4 28 5 23 2 22 18 8 16 25 14 19 
24 12.4879 26 3 16 11 25 24 27 22 18 4 7 29 17 23 9 8 
25 12.3975 11 27 21 29 12 3 4 2 9 13 25 19 23 7 18 8 
26 12.4228 1 4 22 12 26 17 6 29 14 21 16 2 25 18 5 7 
27 12.4366 19 29 20 26 1 25 4 14 21 16 12 18 7 6 0 22 
28 12.4676 21 20 26 7 29 19 6 4 14 1 22 17 0 25 18 11 
29 12.47 25 26 15 27 8 7 11 5 20 12 6 16 1 23 29 4 
