0 12.781 20 12 10 0 3 15 22 8 9 4 17 25 2 28 18 6 27 29 13 1 7 16 23 5 19 26 21 24 11 14 
1 12.781 23 6 14 24 5 13 10 12 1 28 11 22 3 8 9 7 15 25 4 20 26 21 16 29 27 0 19 2 18 17 
2 12.781 19 14 16 28 10 15 0 11 17 27 8 4 7 20 29 23 3 13 26 21 25 24 6 18 1 5 12 9 22 2 
3 12.781 22 26 14 9 7 18 29 27 2 21 10 17 25 11 0 20 23 1 28 4 8 12 5 16 24 15 13 6 19 3 
4 12.781 0 22 19 9 15 4 27 16 2 5 23 10 29 25 24 12 28 18 11 1 21 14 7 13 8 26 17 20 6 3 
5 12.781 25 21 28 26 29 18 15 5 27 6 0 16 3 4 23 7 12 20 10 9 17 2 14 19 22 24 11 1 13 8 
6 12.781 9 1 23 3 28 5 17 4 11 12 13 10 0 19 21 2 25 26 27 24 20 14 6 18 22 16 7 15 8 29 
7 12.781 5 18 15 6 22 21 29 14 9 16 20 17 12 1 10 7 2 26 11 28 13 27 19 4 3 23 25 0 8 24 
8 12.781 13 4 3 14 10 25 15 16 20 18 26 7 1 22 23 17 11 5 21 9 8 6 29 12 2 19 28 24 27 0 
9 12.781 11 26 25 15 9 8 6 4 18 22 0 5 28 20 1 17 24 23 27 29 2 10 3 13 7 14 16 21 19 12 
10 12.781 18 9 13 11 23 14 3 17 6 24 28 26 20 0 21 8 4 19 27 15 22 25 12 29 10 2 7 16 1 5 
11 12.781 28 19 2 11 18 10 27 6 15 9 20 12 17 0 5 25 21 16 8 14 23 3 29 4 1 13 22 7 24 26 
12 12.781 1 6 18 9 7 2 13 10 16 21 24 23 26 3 4 11 15 28 14 8 27 20 19 29 25 22 17 12 0 5 
13 12.781 11 14 6 5 20 7 19 8 28 0 22 26 12 9 18 25 29 24 13 21 27 23 4 1 2 15 10 16 3 17 
14 12.781 17 9 12 5 0 26 13 23 22 18 3 29 4 10 11 27 6 7 19 21 1 15 16 8 20 14 24 28 2 25 
15 12.781 4 13 24 3 9 16 8 17 2 12 25 15 5 19 22 11 20 21 14 18 6 1 23 27 0 29 26 10 28 7 
16 12.781 26 12 27 6 0 7 17 23 22 18 5 20 16 2 29 15 14 3 13 9 24 10 4 8 25 28 1 21 19 11 
17 12.781 8 6 1 23 14 9 10 13 20 25 22 2 19 4 26 7 27 3 15 12 17 16 28 11 24 5 18 21 0 29 
18 12.781 18 2 12 0 8 28 27 23 13 26 15 17 1 21 11 19 24 29 22 20 16 25 3 6 5 14 4 10 7 9 
