0 12.793 43 19 9 16 20 18 32 29 31 37 38 42 4 33 40 36 34 35 13 49 41 26 17 3 5 24 7 47 39 21 
1 12.7588 48 27 1 15 24 30 3 17 21 46 14 31 32 8 19 40 38 13 49 45 35 33 42 29 43 2 44 22 20 39 
2 12.7504 42 8 21 28 27 17 12 19 38 29 9 32 26 49 36 23 14 33 30 2 40 3 45 39 48 47 6 20 41 25 
3 12.7868 33 20 21 3 31 13 29 43 47 27 19 37 24 4 5 30 6 45 26 35 46 44 16 18 17 49 2 9 22 8 
4 12.8429 4 2 44 39 6 33 5 23 14 18 31 49 12 46 37 24 15 47 17 32 0 20 45 8 42 3 40 9 43 16 
5 12.8738 47 28 32 44 45 23 31 26 20 27 0 42 24 7 13 9 12 46 10 43 19 6 5 48 18 39 17 35 38 21 
6 12.7551 28 23 36 39 43 17 45 37 4 7 40 20 0 47 3 49 8 18 27 2 24 10 46 19 42 38 29 13 5 6 
7 12.8526 21 30 18 36 35 40 29 17 14 10 5 34 20 42 15 31 38 3 0 45 13 27 41 37 12 1 19 22 32 28 
8 12.8807 41 28 31 47 18 42 49 29 14 19 9 27 32 16 40 46 12 21 6 8 39 35 20 0 3 48 7 37 13 38 
9 12.8582 4 10 3 2 41 15 12 0 9 21 40 17 29 35 5 6 22 23 8 39 38 25 42 31 49 16 24 13 32 26 
10 12.8114 33 24 20 25 42 27 23 34 5 44 8 40 19 14 10 4 7 39 41 29 32 18 2 9 13 47 43 21 28 36 
11 12.7812 47 12 19 6 33 4 3 9 41 43 14 40 32 28 5 11 42 25 24 39 15 18 13 27 46 35 20 22 26 10 
12 12.759 34 0 37 4 40 35 10 23 42 29 45 17 32 18 8 44 12 49 28 19 26 2 20 7 39 47 27 38 36 1 
13 12.7918 14 25 0 45 24 15 39 19 31 38 44 21 20 17 29 48 40 3 32 42 4 6 16 1 43 26 27 28 8 46 
14 12.7595 40 23 39 12 38 32 46 2 26 1 28 3 17 21 41 8 47 31 4 24 5 44 20 16 27 34 33 36 49 29 
15 12.8048 14 38 23 40 6 17 0 15 49 35 26 39 45 3 46 5 2 28 27 32 44 29 1 7 47 41 33 19 10 21 
16 12.8052 38 32 15 45 49 16 39 35 29 40 44 27 0 26 47 21 17 28 19 18 5 31 33 46 30 23 43 42 34 36 
17 12.8378 33 37 8 49 19 42 16 48 9 38 1 40 36 6 24 34 31 22 12 17 39 21 2 26 18 13 28 15 35 20 
18 12.7005 28 47 23 46 41 16 49 26 18 45 33 39 32 29 31 0 17 35 38 5 2 4 19 43 40 10 42 27 6 21 
19 12.8254 19 0 23 16 6 1 10 35 13 32 14 36 3 31 18 40 15 48 27 43 17 34 20 42 4 28 47 41 39 5 
20 12.6268 16 6 42 21 49 26 41 48 44 12 27 31 29 23 39 47 2 32 28 5 8 19 35 33 9 25 38 20 10 14 
21 12.8042 32 47 5 46 17 26 3 41 16 40 1 15 28 10 24 23 49 9 14 33 45 36 27 38 29 44 13 12 25 42 
22 12.8179 16 38 11 22 12 15 33 19 36 45 43 27 40 44 31 39 4 29 10 26 28 17 6 21 25 35 2 32 30 5 
23 12.7578 39 3 21 49 12 47 42 18 4 13 36 5 38 19 41 32 9 26 14 6 28 29 8 30 48 10 24 35 33 17 
24 12.7245 49 47 21 3 6 38 34 33 9 14 10 26 32 42 41 23 37 40 8 12 24 7 31 28 29 43 17 25 39 20 
25 12.8017 36 45 40 34 9 16 48 33 23 17 41 47 44 49 3 29 26 42 5 38 46 28 43 30 19 32 0 31 13 22 
26 12.7903 40 41 23 30 36 42 4 6 44 14 12 13 26 17 16 28 29 47 39 3 35 21 33 25 20 8 31 37 32 2 
27 12.7645 28 30 45 9 13 32 44 46 43 48 6 25 41 18 17 21 39 31 3 33 34 29 10 36 27 19 37 12 24 42 
28 12.7198 10 43 11 16 32 23 35 38 44 22 47 45 8 33 42 28 17 13 5 49 36 46 6 15 26 21 2 40 39 25 
29 12.8729 26 38 34 45 7 1 19 6 22 3 4 35 24 39 23 28 41 31 20 40 0 33 8 43 13 29 37 44 2 18 
