0 12.7021 24 30 22 47 49 31 3 35 13 23 32 45 38 43 19 6 46 39 42 44 
1 12.697 41 14 49 28 22 20 21 15 19 6 23 35 13 18 2 39 27 16 11 34 
2 12.6604 18 36 41 6 40 20 27 28 47 35 29 49 34 39 14 30 32 33 26 31 
3 12.6649 17 21 47 16 6 45 26 40 22 15 19 38 49 3 35 33 30 31 24 36 
4 12.8057 32 20 8 35 6 39 38 48 31 0 9 29 1 46 12 43 13 16 17 27 
5 12.7829 28 35 21 17 33 32 24 40 20 26 41 29 39 18 0 6 42 44 4 46 
6 12.6954 22 33 30 39 29 40 0 47 31 46 13 15 36 17 35 5 38 49 34 45 
7 12.7809 19 21 5 41 15 33 39 28 12 14 35 29 40 42 37 18 13 47 0 23 
8 12.7007 23 36 49 29 18 21 39 6 16 31 32 41 17 35 12 5 28 34 14 9 
9 12.7485 22 49 27 3 17 31 26 6 9 34 20 10 13 33 2 14 44 25 23 30 
10 12.6917 17 46 19 48 15 5 20 23 13 49 21 28 31 45 27 18 42 24 39 0 
11 12.8199 26 46 8 39 34 6 0 19 23 44 31 35 18 32 49 4 7 29 33 12 
12 12.7296 0 6 38 14 22 39 45 5 35 23 44 28 13 49 33 34 17 1 3 12 
13 12.7691 3 6 42 2 16 38 18 39 49 1 19 22 21 28 20 41 32 15 5 40 
14 12.7369 19 27 21 36 13 31 14 26 32 33 29 12 5 3 28 24 39 43 41 49 
15 12.8189 20 16 2 8 28 5 6 44 40 24 45 35 47 49 22 15 32 18 36 30 
16 12.7797 40 3 21 31 16 17 12 1 45 5 30 22 43 2 8 0 23 33 19 34 
17 12.7312 41 2 46 22 29 34 32 49 47 42 8 16 18 21 12 5 33 37 19 39 
18 12.7771 40 3 26 19 43 49 22 6 16 12 34 30 33 44 35 9 32 13 24 45 
19 12.6515 13 6 35 45 22 47 23 18 2 15 0 30 5 44 29 38 3 10 31 8 
20 12.6244 5 30 44 19 8 12 38 13 32 29 9 17 28 20 33 34 4 27 43 31 
21 12.7788 15 33 2 41 24 8 5 19 39 18 1 42 16 9 43 23 10 13 47 21 
22 12.6032 11 40 37 22 38 24 17 15 33 45 19 3 49 28 48 26 0 30 23 42 
23 12.7091 25 17 49 40 34 30 22 24 21 33 13 28 42 35 19 18 43 36 6 38 
24 12.7724 1 40 42 34 24 23 36 20 32 26 19 39 7 17 28 45 2 38 5 33 
25 12.6981 1 6 32 3 0 40 22 23 27 45 30 28 10 25 39 21 17 13 49 26 
26 12.6497 5 32 26 27 29 17 8 28 38 34 43 35 0 33 2 44 30 23 49 45 
27 12.798 30 6 37 29 41 27 38 19 42 12 10 8 35 32 45 24 49 28 31 25 
28 12.7785 29 1 23 6 38 30 28 19 4 49 21 14 20 22 45 8 10 3 46 24 
29 12.7375 4 6 43 23 35 16 24 22 5 17 42 29 38 2 49 30 13 3 33 0 
