0 12.8755 19 15 
1 12.7421 44 30 
2 12.8145 30 31 
3 12.7421 30 44 
4 12.7421 44 30 
5 12.7421 30 44 
6 12.8145 31 30 
7 12.7421 30 44 
8 12.7421 44 30 
9 12.8145 30 31 
10 12.7421 30 44 
11 12.7421 30 44 
12 12.7421 44 30 
13 12.7421 30 44 
14 12.7421 44 30 
15 12.7421 44 30 
16 12.7421 30 44 
17 12.7421 44 30 
18 12.7421 44 30 
19 12.8755 15 19 
20 12.7421 30 44 
21 12.8145 30 31 
22 12.7421 44 30 
23 12.7421 30 44 
24 12.8145 31 30 
25 12.7421 30 44 
26 12.7421 44 30 
27 12.7421 44 30 
28 12.7421 44 30 
29 12.8145 30 31 
