61 7
 0  0  0  0  1.86188  0.713285  5 
 1.09832  0.705674  0  0  2.1941  0.847825  7 
 0.278686  0.151757  0  0  3.0853  0.912554  5 
 0.272348  0.268018  0  0  2.12584  0.951523  5 
 0.168999  0.169844  0  0  2.38946  0.804236  6 
 0.209175  0.169811  0  0  2.59967  0.69934  5 
 0.00902502  0.0151033  0  0  3.83416  0.697766  7 
 0.464841  0.36984  0  0  2.59405  0.660224  0 
 0  0  0  0  3.81036  0.664829  3 
 0.123957  0.0296756  0  0  4.09726  0.798005  5 
 0  0  0  0  4.10715  0.755531  5 
 0  0  0  0  3.91774  0.651989  1.75083e-274 
 0  0  0  0  3.69765  0.6169  2.22136e+10 
 0.263531  0.152896  0  0  4.21928  0.707788  1.15202e+12 
 0.0329245  0.0268378  0  0  4.55667  0.649617  2754.5 
 0.00349436  0.000418848  0  0  11.0089  0.712438  1994.79 
 0.933251  0.315868  0  0  9.24702  0.64462  9.2293e+10 
 0  0  0  0  9.45679  0.568537  619.998 
 0  0  0  0  8.43067  0.652317  3.82527e+13 
 0.329153  0.132841  0  0  7.84897  0.692399  3 
 0.117707  0.104235  0  0  1.53703  0.94104  4 
 0.526223  0.27821  0  0  3.7332  1.19125  4393.4 
 0.725091  0.582609  0  0  1.87345  0.713188  2265.63 
 0  0  0  0  2.56517  0.816192  -1.7529e-310 
 0  0  0  0  2.10546  0.598274  2460.12 
 0  0  0  0  2.05109  0.712587  1.11077e+11 
 0.11178  0.103273  0  0  1.92561  0.681988  3795.49 
 0.0977979  0.0928363  0  0  3.06086  0.895251  4725.02 
 0.181724  0.0515759  0  0  2.29727  0.714081  -1.06771e-310 
 0.46675  0.246479  0  0  2.22085  0.635163  1.99929e+06 
 0.333896  0.226631  0  0  2.7399  0.546197  2.05317e+06 
 0  0  0  0  2.57668  0.602999  5 
 0.00322717  0.00513299  0  0  3.31959  0.601048  683.357 
 0.680755  0.385691  0  0  2.50053  0.563097  8 
 0  0  0  0  4.33659  0.674737  -4.29165e-310 
 0  0  0  0  3.31355  0.546376  23 
 0  0  0  0  2.64009  0.548242  7.34735e+10 
 0.530723  0.159483  0  0  2.89096  0.556528  4.26451e+12 
 0.655758  0.309974  0  0  2.94502  0.544295  25 
 0  0  0  0  2.81824  0.554174  32 
 0  0  0  0  2.79298  0.653328  3880.43 
 0  0  0  0  2.44003  0.673677  1.14448e+11 
 1.42198  0.343725  0  0  3.16696  0.884887  4 
 0.286878  0.0836177  0  0  1.60391  0.686165  2.30299e+11 
 1.23921  0.692782  0  0  3.13529  0.564352  619.998 
 0  0  0  0  2.37688  0.675621  1362.57 
 0.102191  0.0791837  0  0  2.441  0.530973  2641.03 
 0.591983  0.365236  0  0  2.22614  0.640615  909646 
 1.00384  0.50081  0  0  1.91348  0.64031  -2.17305e-310 
 0  0  0  0  3.19494  0.825745  19 
 0  0  0  0  2.29577  0.515129  -1.35808e-310 
 0.0116064  0.029826  0  0  2.12468  0.610942  1595.4 
 0.78323  0.318667  0  0  3.01158  0.633605  62578.2 
 0.0844983  0.076808  0  0  2.83111  0.532867  593.826 
 0  0  0  0  3.13251  0.546639  1903.88 
 0  0  0  0  2.89767  0.527401  2217.67 
 0.377721  0.135974  0  0  2.85214  0.595589  27 
 0  0  0  0  3.0121  0.543521  1599.18 
 0.635088  0.316839  0  0  2.93025  0.548692  28 
 0.649491  0.265171  0  0  2.46803  0.527867  -1.51969e-310 
 15.8069  8.26335  1873.17  11  201.382  40.3964  1935 

-- infix:  ((pos((dd*(SL-pmin)))-(MR-(SL+(dd*pmin))))+((((age+age)/pos(w))+(dd/w))+(((pmin/MR)/w)-pt))) --
Editirano: 126, ukupno: 51610
