0 12.6088 1 19 
1 12.6088 1 19 
2 12.6595 19 6 
3 12.6088 1 19 
4 12.6088 19 1 
5 12.6088 19 1 
6 12.6088 19 1 
7 12.6088 1 19 
8 12.6088 1 19 
9 12.6088 19 1 
10 12.6088 19 1 
11 12.6088 19 1 
12 12.6088 19 1 
13 12.6088 19 1 
14 12.6088 1 19 
15 12.6088 1 19 
16 12.6088 19 1 
17 12.6088 19 1 
18 12.6088 1 19 
19 12.6088 19 1 
20 12.6088 1 19 
21 12.6088 19 1 
22 12.6088 19 1 
23 12.6088 1 19 
24 12.6595 6 19 
25 12.6595 6 19 
26 12.6088 1 19 
27 12.6088 1 19 
28 12.6088 19 1 
29 12.6088 19 1 
