0 23584 23729 44 0 13 1 14 
1 23596 23722 35 29 2 26 44 
2 23577 23713 35 44 1 0 13 
3 23578 23730 21 44 42 35 16 
4 23559 23646 0 43 1 44 29 
5 23568 23821 1 44 4 35 26 
6 23588 23774 4 44 49 23 26 
7 23542 23705 44 0 29 26 1 
8 23605 23779 45 1 17 4 23 
9 23570 23687 6 1 29 23 15 
10 23550 23754 31 42 44 23 1 
11 23558 23775 9 13 15 29 2 
12 23579 23749 29 44 18 30 43 
13 23610 23756 42 15 44 29 16 
14 23532 23724 1 44 29 13 26 
15 23583 23791 38 29 44 1 39 
16 23588 23749 6 44 0 42 9 
17 23593 23711 44 5 16 1 42 
18 23559 23768 44 16 30 29 42 
19 23577 23701 44 46 29 48 2 
20 23583 23801 43 44 45 42 35 
21 23552 23746 6 44 1 26 19 
22 23593 23791 19 6 45 2 44 
23 23572 23673 9 45 44 26 6 
24 23578 23727 41 13 15 36 1 
25 23604 23763 43 17 44 45 20 
26 23612 23787 5 2 6 36 13 
27 23609 23765 44 15 21 8 18 
28 23592 23818 1 39 13 11 2 
29 23583 23677 42 9 44 31 6 
