0 23654 23756 12 6 37 42 41 35 20 39 2 22 26 36 27 45 18 29 48 38 44 4 46 9 19 28 43 
1 23649 23825 9 14 28 38 41 3 24 19 40 23 49 18 27 44 45 43 42 5 31 1 48 20 35 6 34 
2 23637 23893 10 34 1 44 18 38 27 24 37 14 15 13 42 2 4 22 47 12 35 30 17 23 26 6 32 
3 23651 23766 2 44 43 46 7 1 29 0 22 30 42 13 38 33 6 28 14 49 16 12 45 35 20 31 18 
4 23654 23777 43 5 33 18 9 35 31 44 27 46 13 42 38 47 48 0 6 29 45 4 12 32 26 2 8 
5 23651 23791 41 5 8 20 27 42 26 38 23 46 10 47 0 9 17 25 44 29 39 43 24 45 2 6 13 
6 23646 23770 26 15 10 29 20 36 6 33 41 4 45 30 38 46 42 32 48 2 5 44 14 31 34 43 27 
7 23634 23836 28 47 44 48 42 39 32 1 17 8 45 41 29 26 43 27 14 21 11 30 2 25 22 31 16 
8 23649 23833 46 47 49 30 24 45 28 7 27 36 2 32 39 29 21 37 38 0 20 13 1 43 5 4 9 
9 23639 23793 42 9 3 16 21 37 31 13 6 34 36 18 27 49 23 28 2 14 20 44 17 8 24 38 47 
10 23651 23756 33 2 6 43 35 16 11 30 17 44 29 27 14 22 1 3 21 25 37 28 7 10 49 20 46 
11 23644 23793 10 20 28 1 33 11 5 0 43 39 17 26 21 23 24 44 27 47 41 15 42 30 37 35 2 
12 23645 23810 40 0 26 44 2 31 34 49 18 8 35 42 30 38 22 41 11 43 29 21 16 48 1 14 27 
13 23653 23818 5 32 49 8 23 41 2 15 38 9 17 29 37 40 42 10 36 12 34 26 30 6 7 46 45 
14 23632 23785 22 1 21 13 29 16 25 41 49 37 6 18 9 27 5 43 14 35 38 42 47 30 26 2 12 
15 23646 23851 1 14 10 8 26 41 27 35 43 36 48 15 46 18 6 24 5 30 38 45 37 47 34 13 42 
16 23639 23845 1 10 18 40 44 19 36 28 46 29 34 33 42 27 35 14 43 13 39 20 49 41 6 37 8 
17 23655 23794 8 25 37 42 9 44 29 27 36 45 28 10 2 30 47 20 32 0 13 26 16 17 12 1 21 
18 23655 23812 44 34 27 35 20 1 30 4 37 2 41 3 47 39 15 38 49 21 18 31 26 48 11 16 6 
19 23642 23803 41 23 2 40 20 0 38 34 17 44 14 48 13 8 15 30 26 18 5 42 37 10 31 4 45 
20 23650 23810 23 6 13 8 41 7 43 16 29 35 21 24 26 32 39 42 30 34 2 27 22 12 10 28 20 
21 23651 23840 13 32 33 14 45 9 24 47 44 34 23 4 28 0 11 37 48 30 20 21 27 29 15 42 6 
22 23637 23857 32 30 1 48 18 34 20 2 19 21 42 22 11 14 45 26 44 0 12 43 27 10 31 40 47 
23 23642 23781 15 13 28 0 27 42 9 39 32 4 7 43 17 30 1 18 21 10 47 36 20 44 2 3 6 
24 23644 23867 31 48 14 39 6 8 46 26 17 42 30 1 43 13 20 44 9 27 47 33 22 11 12 10 18 
25 23624 23787 2 13 41 20 15 0 23 9 29 48 42 8 21 12 16 17 44 39 14 6 11 46 27 47 35 
26 23659 23822 41 43 13 5 48 40 44 42 39 49 2 10 25 38 30 20 1 12 29 18 22 23 8 31 17 
27 23636 23775 2 21 35 18 19 23 48 1 0 16 32 7 40 33 6 44 24 31 46 27 28 20 14 41 42 
28 23630 23808 44 0 27 7 40 13 1 15 41 42 2 4 46 5 12 34 17 28 23 38 20 11 21 47 10 
29 23639 23808 16 43 17 44 38 20 18 45 1 24 32 37 23 6 12 21 41 11 48 2 36 42 31 35 26 
