61 7
 0  0  0  0  1.86188  0.713285  0 
 1.4472  0.79078  0  0  2.60403  0.857142  0 
 0.283498  0.234824  0  0  3.23981  0.912554  0 
 0.120681  0.0585586  0  0  1.87984  0.951523  0 
 0.236869  0.164645  0  0  1.98037  0.7531  0 
 0.183239  0.19717  0  0  2.36244  0.546128  0 
 0.0183321  0.0151033  0  0  3.92405  0.723784  0 
 0.522811  0.436394  0  0  2.65205  0.653532  0 
 0  0  0  0  3.81781  0.649945  0 
 0.0851047  0.0296756  0  0  3.91022  0.74813  0 
 0  0  0  0  3.88024  0.800187  0 
 0  0  0  0  3.9561  0.685693  0 
 0  0  0  0  3.64021  0.58568  0 
 0.232802  0.152896  0  0  3.05412  0.654046  0 
 0  0  0  0  4.21784  0.667143  0 
 0  0  0  0  7.72338  0.654819  0 
 0.793735  0.269033  0  0  8.31916  0.619341  0 
 0  0  0  0  6.92571  0.528448  0 
 0  0  0  0  5.72367  0.566362  0 
 0.41786  0.139433  0  0  4.68815  0.641706  0 
 0.117707  0.104235  0  0  1.53703  0.94104  0 
 0.396583  0.297665  0  0  3.71444  0.984889  0 
 0.729534  0.582609  0  0  1.90538  0.713188  0 
 0  0  0  0  2.56517  0.816192  0 
 0  0  0  0  2.10546  0.598274  0 
 0  0  0  0  2.05109  0.712587  0 
 0.100292  0.0727273  0  0  1.88048  0.671959  0 
 0.0345491  0.0131579  0  0  3.05085  0.910255  0 
 0.181724  0.0515759  0  0  2.29727  0.714081  0 
 0.46675  0.246479  0  0  2.2475  0.635163  0 
 0.311909  0.204121  0  0  2.838  0.546197  0 
 0  0  0  0  2.24984  0.602999  0 
 0.00322717  0.00513299  0  0  3.23912  0.558295  0 
 0.680755  0.385691  0  0  2.45758  0.563097  0 
 0  0  0  0  4.31785  0.674737  0 
 0  0  0  0  3.04218  0.535424  0 
 0  0  0  0  2.45125  0.54215  0 
 0.349433  0.164381  0  0  2.63822  0.549058  0 
 0.614632  0.309974  0  0  3.20259  0.529716  0 
 0  0  0  0  2.85731  0.554174  0 
 0  0  0  0  2.73581  0.718661  0 
 0  0  0  0  2.44003  0.673677  0 
 1.34659  0.343725  0  0  3.2834  0.884887  0 
 0.286878  0.0836177  0  0  1.60391  0.686165  0 
 1.3296  0.639965  0  0  3.33124  0.666249  0 
 0  0  0  0  2.86528  0.765161  0 
 0.102191  0.0791837  0  0  2.80973  0.530973  0 
 0.591983  0.365236  0  0  2.22614  0.640615  0 
 1.00384  0.50081  0  0  1.91348  0.64031  0 
 0  0  0  0  3.19494  0.825745  0 
 0  0  0  0  2.31605  0.515129  0 
 0.0116064  0.029826  0  0  2.09744  0.610942  0 
 0.698859  0.256301  0  0  2.78473  0.633605  0 
 0.0510236  0.076808  0  0  2.50163  0.532867  0 
 0  0  0  0  3.13639  0.546639  0 
 0  0  0  0  2.83705  0.527401  0 
 0.418526  0.135974  0  0  2.76369  0.591658  0 
 0  0  0  0  2.79666  0.573168  0 
 0.529525  0.304127  0  0  2.75902  0.529234  0 
 0.668832  0.265171  0  0  2.37839  0.527867  0 
 15.3687  8.007  0  0  185.785  39.887  0 

-- infix:  ((pos(((pt/w)/(pt/pmin)))-(MR+((pt-SL)-(SL+pmin))))*(pos(((SL+pavg)+(pmin-pt)))+(((w+PAT)*pmin)+pos((dd+SL))))) --
Editirano: 4, ukupno: 116
