0 12.9187 11 18 17 7 20 27 8 4 14 21 6 28 12 15 24 22 
1 12.9059 11 2 27 4 19 9 7 14 8 15 22 13 21 16 18 6 
2 12.8064 13 26 20 11 29 4 8 17 23 5 7 14 24 21 1 27 
3 12.9492 21 10 16 11 9 19 28 13 12 17 1 6 24 8 2 4 
4 12.8936 11 28 21 27 8 4 18 10 7 16 15 5 6 24 22 20 
5 12.933 27 18 10 24 14 4 28 22 11 13 8 9 6 15 16 17 
6 12.9339 12 27 15 18 25 5 23 9 6 8 7 16 22 26 14 0 
7 12.8842 4 8 7 15 23 14 2 5 22 19 11 6 21 10 12 20 
8 12.8995 2 17 1 14 24 26 15 21 5 23 18 20 4 7 11 8 
9 12.9145 14 23 25 9 8 29 16 15 21 26 11 17 22 28 4 18 
10 12.8457 23 20 7 8 6 22 24 18 26 1 29 12 11 4 14 13 
11 12.9299 20 28 21 13 25 17 6 3 23 9 11 7 16 26 18 1 
12 12.8769 23 8 4 20 21 22 28 24 1 11 10 17 0 19 5 13 
13 12.8879 5 20 26 18 7 19 3 2 21 23 8 11 27 4 14 15 
14 12.8254 11 14 21 20 8 7 10 17 24 15 16 0 4 12 5 3 
15 12.9098 17 7 18 21 6 0 3 27 5 9 22 26 25 12 8 16 
16 12.9208 28 26 18 25 20 0 29 9 11 8 5 19 7 4 27 21 
17 12.9437 10 19 14 6 7 4 17 23 9 20 13 29 22 8 1 26 
18 12.9907 10 19 15 22 6 8 28 7 16 5 24 4 25 26 2 9 
19 12.9155 19 5 1 28 18 13 26 23 0 29 11 17 9 16 3 6 
20 12.9196 9 11 24 8 15 7 27 21 13 26 12 20 5 3 2 19 
21 12.8983 21 0 13 9 11 25 29 19 6 26 18 1 23 28 24 14 
22 12.892 27 7 2 14 3 11 20 17 19 26 9 21 8 5 29 24 
23 12.9346 23 12 19 7 1 27 13 24 4 17 6 15 8 21 28 22 
24 12.8852 6 18 22 11 21 4 28 8 5 23 19 26 7 1 27 2 
25 12.894 5 22 26 6 14 12 24 1 13 19 11 17 7 4 8 18 
26 12.9177 3 19 9 8 5 20 24 21 7 25 17 27 28 23 22 12 
27 12.9847 25 11 7 12 29 24 3 14 8 23 21 17 2 4 9 18 
28 12.9479 18 6 17 5 23 10 4 27 8 25 7 15 12 21 11 14 
29 12.9126 13 11 4 22 3 29 23 8 6 27 0 5 14 7 9 19 
