0 12.7317 27 26 11 47 13 12 24 49 15 7 30 33 22 6 29 
1 12.684 44 29 47 34 33 3 8 45 23 6 38 13 32 21 46 
2 12.7245 32 45 39 23 42 22 7 49 4 6 33 17 43 46 35 
3 12.8081 29 43 30 22 13 42 27 40 35 17 14 15 32 49 38 
4 12.6678 17 22 27 31 43 33 30 28 38 32 46 13 15 16 39 
5 12.7581 11 42 8 3 31 46 0 19 23 13 38 17 21 14 45 
6 12.7767 42 6 46 45 39 36 10 19 31 23 18 32 38 22 25 
7 12.7765 47 27 14 17 6 40 28 30 32 19 24 36 5 39 34 
8 12.8421 33 16 39 9 8 18 26 28 0 17 46 15 44 47 12 
9 12.7462 14 26 41 25 27 30 28 12 33 45 4 42 0 11 38 
10 12.7766 20 38 15 24 41 29 22 46 9 19 44 28 3 33 47 
11 12.6091 19 30 15 35 6 33 44 32 22 24 39 25 38 20 1 
12 12.8146 11 32 6 43 46 45 15 12 21 23 7 4 13 25 8 
13 12.8112 2 32 9 4 27 29 25 17 49 33 39 47 36 20 38 
14 12.7334 19 5 39 6 35 21 32 33 36 20 24 16 47 17 46 
15 12.7233 0 38 1 4 19 37 22 46 11 14 32 47 15 33 3 
16 12.6687 18 41 32 3 46 34 14 47 40 5 33 11 22 8 17 
17 12.7101 27 44 22 24 28 16 29 31 47 33 35 20 6 3 32 
18 12.7205 27 11 24 41 30 29 17 15 26 3 28 49 22 34 6 
19 12.8105 4 24 33 17 32 29 20 14 26 30 7 31 19 18 39 
20 12.7532 45 15 20 9 22 12 24 29 35 14 13 7 27 44 17 
21 12.7692 43 15 34 20 14 33 6 47 17 11 32 19 46 49 48 
22 12.4889 32 6 30 13 27 14 1 17 33 21 19 39 35 22 34 
23 12.5613 33 5 39 32 34 48 1 29 30 14 22 47 16 36 38 
24 12.8295 3 42 14 19 27 28 8 39 13 11 6 23 22 45 26 
25 12.7549 17 32 46 0 13 44 20 22 43 30 31 21 29 10 45 
26 12.7845 8 18 27 46 5 48 41 20 7 16 14 13 24 15 45 
27 12.8145 44 28 10 17 13 37 31 42 11 26 33 48 1 24 45 
28 12.8139 19 27 36 47 12 11 20 4 29 49 22 46 5 30 15 
29 12.7889 39 38 32 40 34 44 8 30 22 24 5 17 25 29 33 
