0 12.9483 18 8 5 19 13 17 
1 12.9067 22 6 1 15 26 18 
2 12.8053 26 22 19 12 20 6 
3 12.7945 19 13 23 28 17 24 
4 12.9341 24 20 7 15 19 23 
5 12.9043 17 1 2 27 15 7 
6 12.8994 19 11 21 13 25 3 
7 12.7651 24 17 23 12 1 11 
8 12.7562 6 15 28 7 23 26 
9 12.7721 20 19 6 15 26 2 
10 12.7252 1 19 17 23 28 8 
11 12.8368 12 19 21 27 1 17 
12 12.7721 19 20 15 6 2 26 
13 12.8315 15 23 18 8 0 3 
14 12.8001 26 21 15 28 6 25 
15 12.7628 26 28 15 6 13 27 
16 12.7469 22 20 17 4 13 12 
17 12.8139 17 22 4 18 24 19 
18 12.8331 0 13 11 27 15 6 
19 12.7358 19 20 23 17 13 28 
20 12.7651 24 23 11 12 17 1 
21 12.8225 5 17 19 26 2 22 
22 12.7653 15 26 22 20 17 13 
23 12.7692 6 22 18 5 24 8 
24 12.7482 17 28 1 13 8 19 
25 12.8285 17 27 11 19 5 13 
26 12.8233 9 13 1 27 19 28 
27 12.8177 7 0 15 5 18 23 
28 12.8326 14 19 15 17 18 26 
29 12.8985 17 24 1 22 8 18 
