61 7
 0  0  0  0  1.86188  0.713285  6 
 1.09832  0.705674  0  0  2.1941  0.847825  7 
 0.268319  0.151757  0  0  3.06599  0.893241  7 
 0.272348  0.268018  0  0  2.12584  0.951523  6 
 0.168999  0.169844  0  0  2.38946  0.804236  7 
 0.209175  0.169811  0  0  2.70593  0.69934  7 
 0.00902502  0.0151033  0  0  3.83416  0.697766  257341 
 0.530421  0.488627  0  0  2.64312  0.653532  6 
 0  0  0  0  3.81036  0.664829  7 
 0.0851047  0.0296756  0  0  3.91022  0.74813  6 
 0  0  0  0  4.38112  0.777256  6 
 0  0  0  0  3.72947  0.640367  0 
 0  0  0  0  4.48314  0.620646  6 
 0.263531  0.152896  0  0  3.81222  0.707788  6 
 0.0329245  0.0268378  0  0  4.7845  0.665974  2.50992e-287 
 0.00251393  0.000418848  0  0  10.5353  0.704035  7 
 0.748139  0.267964  0  0  8.7558  0.632555  6 
 0  0  0  0  8.00204  0.556389  6 
 0  0  0  0  8.06683  0.602275  7 
 0.36942  0.142229  0  0  8.08693  0.696573  7 
 0.117707  0.104235  0  0  1.53703  0.94104  6 
 0.450892  0.27821  0  0  3.64878  0.984889  7 
 0.725091  0.582609  0  0  1.87345  0.713188  3 
 0  0  0  0  2.56517  0.816192  6.19632e+223 
 0  0  0  0  2.10546  0.598274  6.60697e+265 
 0  0  0  0  2.05109  0.712587  1.44871e+166 
 0.11178  0.103273  0  0  1.92561  0.681988  6.11522e+228 
 0.0977979  0.0928363  0  0  3.06086  0.895251  524704 
 0.181724  0.0515759  0  0  2.29727  0.714081  -2.17376e-311 
 0.46675  0.246479  0  0  2.22085  0.635163  2.14298e-09 
 0.337894  0.226631  0  0  2.71092  0.546197  1.74445e+06 
 0  0  0  0  2.53614  0.602999  4900.48 
 0.00322717  0.00513299  0  0  3.01781  0.583444  9.19597e+170 
 0.680755  0.385691  0  0  2.50053  0.563097  1.4436e-12 
 0  0  0  0  4.23819  0.653651  -2.34352e-311 
 0  0  0  0  3.29408  0.539075  3.03166e+180 
 0  0  0  0  2.49755  0.53484  1.53153e+223 
 0.533601  0.159483  0  0  2.99928  0.556528  1.88805e+25 
 0.608138  0.309974  0  0  2.9839  0.524856  1.28826e+06 
 0  0  0  0  3.22084  0.554174  2.05526e+06 
 0  0  0  0  2.79298  0.653328  1609.36 
 0  0  0  0  2.44003  0.673677  5799.04 
 1.42198  0.343725  0  0  3.16696  0.884887  4.32406e+251 
 0.286878  0.0836177  0  0  1.57818  0.686165  -7.01093e-312 
 1.23921  0.692782  0  0  3.13529  0.564352  1.4436e-12 
 0  0  0  0  2.26292  0.675621  14 
 0.102191  0.0791837  0  0  2.441  0.530973  1.05783e+208 
 0.591983  0.365236  0  0  2.22614  0.640615  1.53153e+223 
 1.00384  0.50081  0  0  1.89115  0.64031  3.5176e+180 
 0  0  0  0  3.76601  0.841179  787876 
 0  0  0  0  2.31605  0.515129  9.30675e+199 
 0.0116064  0.029826  0  0  2.16359  0.610942  243618 
 0.78323  0.318667  0  0  3.01158  0.633605  3 
 0.0844983  0.076808  0  0  2.83111  0.532867  5900.33 
 0  0  0  0  2.87276  0.546639  10836.3 
 0  0  0  0  2.95223  0.527401  13 
 0.377721  0.135974  0  0  2.82856  0.595589  5 
 0  0  0  0  2.93304  0.533639  9.34609e-307 
 0.637523  0.316839  0  0  2.86409  0.548692  8 
 0.668832  0.265171  0  0  2.39831  0.527867  -1.30384e-310 
 15.5831  8.34362  15  7  199.335  39.9926  -8.69254e-311 

-- infix:  (((((MR-MR)+SL)/((MR*MR)/(pt+SL)))+((pmin*pmin)-((pt+age)-(dd*dd))))+((((pmin*pmin)-(dd-SL))+((MR-MR)-pos(pt)))-(((PAT*dd)+pos(MR))-((dd+dd)*(pmin/w))))) --
Editirano: 116, ukupno: 35764
