0 12.8366 41 25 32 35 18 47 8 24 33 14 
1 12.8337 45 21 13 47 33 43 27 8 22 17 
2 12.7179 23 32 31 42 27 15 24 47 34 1 
3 12.6496 11 15 38 33 46 29 30 41 8 1 
4 12.7755 29 16 19 38 21 9 20 15 5 6 
5 12.7931 32 38 33 24 22 17 47 20 1 40 
6 12.8182 5 46 33 22 44 20 47 37 49 31 
7 12.7822 14 45 47 17 33 31 35 32 29 26 
8 12.7302 0 19 1 42 27 35 39 23 33 32 
9 12.6106 29 21 33 1 0 27 5 22 7 32 
10 12.7011 35 19 33 46 34 38 1 29 47 16 
11 12.7041 27 6 42 22 46 21 33 41 43 17 
12 12.7514 17 22 42 2 33 8 47 31 30 38 
13 12.8462 43 47 27 45 17 33 13 44 15 35 
14 12.8139 45 46 35 32 17 19 36 33 31 34 
15 12.8082 42 11 30 36 43 38 46 15 29 47 
16 12.5695 1 29 33 32 17 36 13 10 41 27 
17 12.6102 16 15 36 18 34 27 17 28 19 32 
18 12.7475 25 3 27 38 21 42 17 29 8 22 
19 12.7981 9 39 13 19 45 8 17 1 22 30 
20 12.5618 22 21 33 3 1 23 27 29 5 41 
21 12.7613 33 14 3 46 8 32 15 34 40 13 
22 12.759 7 47 20 31 3 29 27 24 15 35 
23 12.6597 31 46 32 47 1 14 38 3 25 34 
24 12.6946 32 14 30 17 22 36 13 1 39 21 
25 12.7923 34 40 33 32 30 15 36 49 21 29 
26 12.6737 41 2 37 14 33 29 11 22 30 31 
27 12.8343 15 6 22 11 30 32 9 33 8 40 
28 12.7357 17 32 7 19 42 38 49 47 39 23 
29 12.802 26 8 46 18 21 22 3 7 45 19 
