0 12.6812 32 11 9 15 33 
1 12.6087 11 31 30 17 16 
2 12.6263 45 30 41 32 10 
3 12.5645 44 40 28 31 27 
4 12.6508 11 22 31 5 13 
5 12.6173 20 17 31 11 30 
6 12.5485 3 31 22 21 17 
7 12.6304 11 22 12 42 46 
8 12.5625 24 6 2 32 11 
9 12.5725 32 27 11 8 6 
10 12.6442 11 8 6 43 32 
11 12.572 45 39 11 40 32 
12 12.6674 6 0 27 31 17 
13 12.5293 11 45 49 6 32 
14 12.6479 24 9 41 32 33 
15 12.6402 7 41 27 47 16 
16 12.6269 29 15 27 14 20 
17 12.7037 20 49 9 27 32 
18 12.5945 45 14 17 9 32 
19 12.4109 3 5 11 15 47 
20 12.6519 32 6 31 25 11 
21 12.5612 6 11 22 45 15 
22 12.7051 22 16 2 8 5 
23 12.5899 42 9 32 30 11 
24 12.3407 32 11 24 30 10 
25 12.6593 5 40 32 11 45 
26 12.5497 24 33 9 32 11 
27 12.6423 8 11 18 45 30 
28 12.6008 35 12 30 32 28 
29 12.6717 28 11 33 17 32 
