0 12.727 28 22 8 32 41 31 0 2 40 7 42 15 37 47 3 23 46 19 17 34 
1 12.7668 19 6 22 36 0 45 7 46 27 43 42 15 26 5 9 13 3 12 32 11 
2 12.7153 2 29 42 49 25 28 39 32 22 43 4 8 13 12 18 0 16 3 27 31 
3 12.7366 35 6 23 7 38 15 10 16 45 39 48 40 8 32 11 2 14 30 18 12 
4 12.7405 46 26 49 1 39 2 15 12 8 41 42 43 19 4 18 36 47 22 17 16 
5 12.7047 29 41 37 20 6 35 26 44 47 8 9 27 31 2 17 19 25 39 1 34 
6 12.7357 10 0 5 23 39 42 6 21 20 8 11 38 28 37 33 45 40 32 36 49 
7 12.6995 9 21 31 10 14 18 6 33 46 23 19 16 8 32 45 47 5 35 39 22 
8 12.6509 28 20 17 44 36 46 1 39 32 49 42 2 18 27 12 19 16 21 37 35 
9 12.723 31 23 32 2 3 18 28 40 45 35 11 38 42 47 4 41 17 26 10 43 
10 12.7427 44 28 49 1 46 9 17 25 39 18 35 21 4 13 32 11 42 15 37 26 
11 12.6578 11 31 30 15 23 26 38 32 6 21 19 40 45 1 8 9 20 12 10 16 
12 12.6597 30 43 8 15 29 39 45 42 13 22 0 17 19 10 27 7 20 26 40 33 
13 12.7271 10 26 17 46 33 28 49 3 16 47 23 9 7 22 6 38 0 30 13 27 
14 12.716 47 8 28 12 20 32 5 49 11 39 1 33 43 45 26 6 25 15 38 37 
15 12.6628 49 24 17 0 10 39 31 8 3 22 13 42 21 6 35 18 19 27 32 46 
16 12.708 34 6 7 45 46 19 23 14 8 18 22 2 13 42 32 12 35 11 3 38 
17 12.6203 19 28 37 32 6 46 7 47 36 26 48 17 18 31 45 24 2 16 0 39 
18 12.652 8 35 5 17 26 41 0 27 11 7 22 47 31 43 30 12 23 18 46 32 
19 12.7347 2 10 11 6 21 9 39 5 14 44 25 40 34 15 17 0 3 16 32 41 
20 12.6887 47 33 44 8 21 37 3 2 18 27 5 35 40 11 10 14 7 26 16 32 
21 12.7184 10 0 11 45 4 3 47 31 22 16 27 26 34 8 33 32 18 40 21 25 
22 12.7402 1 0 10 19 22 21 47 41 30 7 26 15 20 45 40 17 9 34 16 23 
23 12.7419 7 11 12 38 29 43 4 26 25 31 2 45 21 0 20 15 14 16 47 46 
24 12.74 33 47 3 5 46 0 2 14 22 40 19 42 21 26 16 13 49 12 1 8 
25 12.672 9 41 22 8 28 40 31 49 39 10 29 21 19 16 27 17 4 24 13 3 
26 12.7479 41 31 45 24 43 29 28 17 3 30 11 21 13 0 40 39 48 47 19 22 
27 12.7415 33 40 6 24 13 26 32 9 35 22 3 8 2 11 1 31 34 30 16 47 
28 12.7225 6 17 9 20 38 40 27 8 39 3 29 0 47 19 23 45 1 46 18 25 
29 12.7281 9 32 33 16 49 26 11 28 19 7 29 3 30 48 24 38 40 18 35 27 
