0 12.7142 31 8 45 30 17 48 2 32 35 1 20 39 25 47 9 18 28 37 42 
1 12.6679 39 6 49 25 46 2 29 9 16 28 47 37 14 48 26 15 31 0 42 
2 12.5994 26 36 22 17 27 39 7 16 47 38 33 43 37 9 13 28 31 3 40 
3 12.7757 11 39 9 29 30 8 32 42 21 15 45 12 22 48 26 46 10 31 25 
4 12.7255 46 40 8 21 0 5 31 37 32 39 26 45 16 42 35 13 33 6 7 
5 12.7521 47 39 7 17 19 16 36 24 46 26 42 37 25 9 27 45 32 5 20 
6 12.686 47 31 39 18 17 8 9 32 19 25 33 35 23 37 46 41 16 3 10 
7 12.7554 4 29 34 2 16 31 43 36 22 41 13 19 20 0 3 37 49 25 27 
8 12.7348 30 34 26 25 38 39 48 8 44 11 4 29 49 31 33 22 42 21 32 
9 12.7624 14 45 27 43 25 12 39 48 9 38 26 32 3 33 19 21 11 29 15 
10 12.7249 30 16 9 32 17 18 2 11 1 34 42 49 35 40 15 46 8 24 25 
11 12.6785 34 49 2 0 9 15 21 7 31 39 20 24 35 11 32 18 19 36 33 
12 12.7071 13 37 36 15 9 29 18 30 8 49 31 39 25 47 2 0 43 26 6 
13 12.6752 31 19 3 35 17 39 15 22 41 8 5 37 0 27 6 7 26 4 23 
14 12.7557 16 19 38 32 47 25 35 11 6 28 37 5 15 27 41 7 23 46 40 
15 12.6964 31 12 39 3 27 4 33 47 18 6 11 38 34 22 8 37 0 30 45 
16 12.7166 30 21 36 14 38 15 18 0 33 35 4 11 24 19 17 22 47 31 28 
17 12.6281 20 22 39 0 33 3 31 36 17 2 37 28 47 7 16 43 27 49 24 
18 12.7337 47 7 15 40 49 25 4 46 10 11 32 38 23 26 34 8 2 12 5 
19 12.6541 9 14 39 41 31 22 49 26 38 7 16 47 3 0 42 40 19 8 2 
20 12.6089 11 9 22 18 6 15 0 42 23 41 38 13 26 21 34 20 17 28 45 
21 12.7185 19 49 12 39 2 6 22 30 25 1 29 37 42 7 26 41 0 40 21 
22 12.6937 35 46 31 47 6 10 7 40 38 3 15 17 30 21 20 2 26 11 12 
23 12.69 40 27 49 28 22 21 32 34 13 42 39 0 45 7 4 19 47 17 44 
24 12.6987 38 0 27 19 40 13 45 5 8 2 48 30 41 25 33 17 29 21 22 
25 12.6547 23 25 13 39 15 32 14 28 0 45 5 33 21 26 19 3 11 44 6 
26 12.7368 22 7 32 14 19 12 48 16 38 8 33 2 10 31 27 3 37 24 25 
27 12.5186 30 45 6 40 22 0 18 33 13 8 15 26 24 5 36 41 11 21 16 
28 12.6867 32 26 33 37 14 21 25 6 46 17 3 42 18 19 15 11 8 45 38 
29 12.6008 27 47 11 23 31 9 21 6 26 32 10 0 2 49 22 42 7 25 13 
