0 12.6896 17 32 38 18 19 27 10 12 34 49 
1 12.713 3 11 26 49 39 19 22 45 1 46 
2 12.6069 19 16 27 48 9 33 23 31 17 29 
3 12.6942 22 43 3 27 41 20 4 6 32 47 
4 12.5929 23 15 32 17 9 8 45 3 11 30 
5 12.6762 0 45 4 8 32 13 3 33 2 38 
6 12.6657 38 14 16 31 20 47 41 17 22 27 
7 12.7418 46 32 45 49 8 11 28 10 26 17 
8 12.6975 31 32 15 11 25 37 40 30 18 4 
9 12.6547 31 6 28 45 47 44 39 33 21 16 
10 12.6654 49 30 15 26 29 38 8 46 42 20 
11 12.734 10 11 40 7 18 37 6 47 15 27 
12 12.6682 36 39 1 47 20 7 37 49 41 27 
13 12.6132 47 39 33 36 30 17 23 8 25 46 
14 12.6418 16 26 30 19 22 42 45 44 25 43 
15 12.6637 42 46 16 29 20 4 11 37 12 8 
16 12.6697 27 20 39 7 16 29 40 28 37 31 
17 12.6048 48 47 3 19 1 16 27 39 38 7 
18 12.6362 19 28 40 45 13 22 5 0 44 18 
19 12.6704 21 40 47 19 41 49 46 25 37 6 
20 12.6514 27 42 20 47 39 17 44 49 23 43 
21 12.5783 40 45 6 1 44 33 14 24 30 22 
22 12.6073 12 32 33 31 6 37 30 18 7 45 
23 12.5324 4 41 28 11 6 32 17 30 45 26 
24 12.5886 49 21 13 0 17 30 45 18 15 26 
25 12.5897 8 27 46 33 44 29 12 30 15 38 
26 12.6746 18 17 6 2 9 20 39 32 33 45 
27 12.6611 35 11 32 33 30 37 23 5 0 16 
28 12.6273 27 14 8 19 12 49 26 42 22 47 
29 12.5718 19 25 15 21 0 27 29 30 42 10 
