0 12.8486 40 8 18 15 33 29 22 13 14 32 31 47 35 19 24 28 34 27 
1 12.9368 26 28 44 23 12 47 39 38 31 32 3 22 7 14 8 18 36 1 
2 12.7921 29 1 22 21 45 32 27 46 19 37 18 5 20 38 39 17 15 47 
3 12.9555 19 23 36 8 31 42 41 34 18 40 47 32 13 11 44 2 9 35 
4 12.8271 40 12 15 44 24 38 46 17 42 7 26 21 20 28 16 11 33 47 
5 12.9244 27 25 33 43 45 8 22 29 4 7 17 32 0 6 19 11 9 44 
6 12.8917 46 21 32 29 5 22 24 28 6 47 3 33 26 12 41 8 17 30 
7 12.9092 8 35 32 21 7 43 22 34 39 13 36 17 15 48 33 27 11 23 
8 12.8451 30 7 8 35 21 31 24 14 46 45 12 5 19 2 10 20 17 47 
9 12.7309 14 41 40 33 47 22 12 3 45 35 31 17 34 21 46 38 32 42 
10 12.9444 12 6 4 42 10 21 0 39 29 23 33 1 19 22 25 30 47 11 
11 12.7598 18 47 45 29 38 7 15 48 4 32 19 39 11 21 42 31 28 5 
12 12.8176 20 46 41 35 6 18 36 11 29 23 22 24 32 19 34 28 7 16 
13 12.77 11 12 27 43 29 22 3 41 39 36 28 21 17 38 10 19 32 18 
14 12.8326 18 46 31 39 36 32 43 8 11 3 5 38 4 2 49 42 22 47 
15 12.9459 2 32 12 13 19 42 46 39 22 25 17 41 27 45 38 30 21 33 
16 12.8388 31 11 16 44 25 36 33 13 9 8 0 28 17 37 30 1 22 26 
17 12.8814 25 37 5 4 8 42 26 36 28 34 39 12 7 15 24 44 30 11 
18 12.8185 7 22 0 34 23 36 42 32 47 15 1 16 4 31 33 39 49 43 
19 12.8005 32 49 29 1 36 22 13 45 27 17 43 18 33 40 34 38 11 4 
20 12.8453 27 46 25 48 45 33 26 35 11 30 29 15 17 6 47 31 20 43 
21 12.8541 48 32 33 13 17 22 1 47 44 4 27 16 34 21 19 11 14 20 
22 12.9043 8 0 24 23 30 5 6 38 4 12 48 15 14 17 41 11 45 33 
23 12.5758 16 38 42 22 15 32 34 24 29 47 5 33 4 46 36 20 11 13 
24 12.8492 45 23 44 30 29 22 13 7 0 9 10 8 16 48 6 33 49 26 
25 12.8152 15 36 13 5 8 31 39 17 48 2 21 22 27 47 32 24 33 30 
26 12.9044 28 33 48 47 34 29 9 18 7 38 22 10 49 25 24 11 15 19 
27 12.8018 46 35 20 15 19 34 2 1 29 44 16 17 28 33 32 39 27 14 
28 12.7828 29 0 46 15 20 24 14 7 34 42 1 44 5 16 47 4 8 45 
29 12.8894 42 11 40 25 44 0 23 45 29 46 9 18 33 21 17 6 32 43 
