0 12.7118 8 3 28 4 19 
1 12.6015 1 4 15 26 7 
2 12.6593 8 13 27 7 4 
3 12.4675 19 3 29 23 4 
4 12.5802 4 6 28 29 25 
5 12.5829 4 17 3 23 8 
6 12.6722 25 29 23 4 6 
7 12.5809 3 26 16 8 4 
8 12.6321 8 3 7 27 4 
9 12.6236 19 8 4 3 27 
10 12.5333 16 15 27 3 4 
11 12.5889 19 3 4 21 29 
12 12.6221 23 25 8 3 4 
13 12.6739 22 3 4 15 7 
14 12.6279 29 17 12 3 4 
15 12.6928 17 3 2 29 4 
16 12.6311 8 4 28 26 3 
17 12.6701 7 15 27 19 4 
18 12.6436 18 29 19 15 4 
19 12.8222 4 21 29 16 13 
20 12.5745 3 4 15 26 7 
21 12.743 19 9 29 25 4 
22 12.6261 1 4 2 29 3 
23 12.5439 4 29 27 7 8 
24 12.6443 1 19 26 11 4 
25 12.6945 29 4 3 19 17 
26 12.6784 15 19 1 2 4 
27 12.6129 7 15 21 5 4 
28 12.6536 4 27 29 1 19 
29 12.6818 4 7 1 19 21 
