0 12.4421 4 18 11 29 3 28 23 21 16 27 25 
1 12.5442 13 7 16 29 14 11 8 4 23 24 21 
2 12.5091 7 4 27 29 18 21 16 25 20 17 11 
3 12.547 9 28 0 14 29 4 12 8 6 27 15 
4 12.4513 13 6 25 11 12 29 8 21 4 17 23 
5 12.5634 8 14 0 26 1 28 25 4 6 29 23 
6 12.6202 9 0 17 10 13 26 29 4 11 7 6 
7 12.4293 12 14 5 15 11 6 21 16 8 4 27 
8 12.6058 26 19 28 21 3 8 4 29 25 9 15 
9 12.5999 27 8 1 4 7 2 6 23 3 25 11 
10 12.4459 21 3 6 26 17 4 18 0 29 5 8 
11 12.5467 2 29 21 4 8 3 28 16 6 23 1 
12 12.4959 29 8 23 18 21 20 6 4 15 16 11 
13 12.5544 19 23 11 3 4 18 5 25 1 21 27 
14 12.4697 29 19 4 26 22 9 14 8 16 28 13 
15 12.359 7 4 0 3 23 19 16 11 29 12 21 
16 12.5233 23 21 7 6 8 1 25 28 4 29 0 
17 12.5946 29 16 21 28 8 1 4 18 17 26 25 
18 12.5259 3 4 21 29 11 6 16 9 22 25 8 
19 12.4857 15 21 27 4 16 25 3 26 11 9 7 
20 12.5778 22 25 4 7 26 21 12 17 18 29 8 
21 12.5163 23 29 21 4 11 17 6 18 27 3 25 
22 12.593 16 4 27 18 29 26 6 21 3 2 17 
23 12.5484 18 7 4 29 21 17 12 25 15 11 27 
24 12.5162 12 8 6 21 29 3 2 4 1 0 19 
25 12.5497 28 2 11 19 23 21 16 18 29 7 27 
26 12.5401 18 25 21 14 3 0 4 16 22 29 19 
27 12.5744 15 11 28 4 0 29 7 8 23 18 26 
28 12.6002 22 8 13 1 19 0 16 2 23 25 21 
29 12.4764 6 2 18 15 29 3 22 11 21 26 19 
